4047 4057
845 1404 16
2893 1712 11
2028 2162 7
3682 1527 5
2352 3472 11
1832 3473 18
2322 682 14
605 189 9
1432 619 16
1653 2686 15
1391 794 5
944 2092 16
1968 1798 13
1351 1432 19
2958 2440 13
1745 3127 11
3393 1613 15
2401 582 9
235 2293 9
3332 1605 18
1084 256 12
3113 982 19
24 377 11
3533 2295 9
1161 1947 6
3779 3184 13
2987 3587 20
3351 340 5
1462 3208 16
1228 2456 8
3934 461 18
2134 1085 8
273 3864 7
149 565 8
2807 1075 15
3305 2990 19
3091 2014 8
1640 1926 14
2267 2922 17
3279 1823 18
111 293 12
1610 4022 20
2713 3805 9
902 2098 9
2722 1961 7
2912 3814 13
2497 3466 11
4035 85 18
2732 2116 14
1841 3998 20
1358 1797 15
2444 2765 15
3498 3954 14
63 1791 14
2343 3990 6
3995 1913 20
2169 268 9
921 2665 17
2928 2787 17
1269 3380 9
418 806 13
1033 3458 16
667 2543 16
2556 3679 14
3263 3580 13
3592 1636 14
1908 2602 6
73 783 8
226 3274 19
2410 3729 10
2099 2861 19
3809 113 8
4001 600 7
2363 3049 16
1385 3962 18
2385 1407 17
2551 529 11
2234 3439 17
654 3401 11
312 2120 19
3649 201 18
2002 3546 17
888 2443 20
1808 2522 12
2379 3079 6
83 3510 14
1739 344 15
4 3383 7
2589 2606 9
3504 1088 16
3071 1097 7
10 2362 9
2900 1303 20
2890 850 15
2750 3391 20
1017 104 19
2727 537 19
1225 4004 6
2448 856 13
1985 892 11
2391 1231 15
685 3590 6
3019 3015 20
1862 2469 10
578 491 11
2734 1080 7
1487 191 12
777 665 8
1786 3437 7
3715 2790 11
333 3491 15
3583 91 11
827 23 18
696 635 13
2137 475 11
2504 1950 11
1203 3304 19
2086 518 15
2882 3884 9
1192 3517 20
3277 2529 15
2813 458 12
112 780 20
821 1986 19
553 3239 19
1962 3229 12
1719 3850 15
3998 1045 10
2413 1729 11
2586 1053 13
2249 3317 10
3491 3285 18
3508 4016 9
3556 347 14
1885 2367 19
2486 2918 16
495 746 5
3053 1515 12
143 1440 11
2786 3583 19
3394 144 13
3409 1888 13
1298 3588 8
266 853 13
3054 1958 16
3085 1202 7
3736 2675 14
1024 1804 7
1966 457 20
2225 92 9
1247 719 20
3406 1 9
2705 2662 9
1945 353 6
1655 1632 17
3733 3569 8
853 3422 19
3963 3796 9
2062 3790 10
2999 1069 7
889 181 15
1103 1677 10
3588 1318 13
147 3935 14
463 559 17
2709 2060 5
3187 1759 9
3807 2826 18
3043 951 8
2001 858 17
2488 2008 14
287 147 12
968 581 16
2884 2985 7
1015 3502 20
1501 3809 19
804 1177 15
3327 3607 20
956 774 19
2177 3892 7
1858 2230 16
1307 1013 15
1601 1965 12
3531 1849 9
962 3639 7
681 1340 17
446 2904 12
258 3775 6
2810 3908 7
3357 2088 8
3378 1165 15
1417 3548 6
2419 2206 17
484 2513 7
554 1376 13
2930 1516 18
1189 278 8
3855 129 14
984 172 6
2250 2034 18
3144 777 15
1827 160 6
852 1792 17
2420 2645 6
2522 395 15
1620 2075 11
3558 3955 5
3812 1104 11
1522 761 12
2463 2537 18
3551 3672 15
3322 1005 13
1315 1410 11
1497 733 12
109 3348 9
1869 2150 11
2178 1306 18
3334 531 14
2630 2409 19
1367 3558 10
3214 173 19
998 1592 14
2348 2441 7
335 5 20
1292 180 9
1884 3468 11
3778 3626 20
1180 2763 13
1762 2933 18
3471 319 12
1438 429 18
380 2247 16
1345 2338 10
1901 3331 9
3898 2151 19
1148 2027 11
1875 71 7
3155 3149 13
1403 1206 6
786 2637 14
2799 3887 13
1681 3972 14
2441 1166 13
979 1286 17
3830 2463 10
459 3767 5
3110 578 9
670 1250 17
399 3999 15
2949 1015 10
1671 1153 7
2970 824 12
675 1163 12
2780 295 14
683 3249 6
710 1038 6
1333 1164 9
2498 1185 7
1765 3443 8
3299 1152 11
3568 2689 10
4038 3752 5
3234 3825 5
1055 1597 9
574 2654 18
3312 51 5
1689 4007 17
1833 1283 13
1787 2055 9
148 891 13
3677 914 12
517 1287 5
2951 2940 14
1293 644 8
205 2103 14
326 4037 5
3801 2065 6
2817 18 16
1147 2636 20
532 3902 11
796 1312 7
478 3863 7
949 2696 58476
2037 2236 18
3088 1898 16
436 2052 15
3352 896 5
3158 3441 9
1155 1556 14
3537 1807 16
270 1282 11
2004 193 16
3347 2397 5
2238 3968 15
2294 375 8
166 1650 19
2165 1813 18
3548 3904 7
2257 1999 17
599 3617 12
471 3760 6
3238 2386 18
3359 2832 10
4022 4028 18
1715 2363 8
2990 745 6
2252 275 8
2188 2649 17
2224 690 11
1267 1187 7
2802 2232 5
2577 2779 9
747 3820 9
2071 1313 11
1691 997 17
3061 1324 13
86 1829 16
417 2379 19
2876 2671 19
815 1711 6
983 885 5
158 2049 17
254 3237 16
1337 392 6
3445 1831 10
2402 1099 5
3935 937 10
1110 3925 7
2349 3777 5
3939 2321 10
322 1220 12
967 3181 19
3252 330 8
1778 447 13
1121 2197 14
1011 1611 6
1794 3795 20
520 2702 6
512 3534 11
1290 241 10
249 3759 8
3509 3669 16
3919 185 17
1891 114 16
1465 2164 10
2938 1750 19
452 886 20
3259 656 8
2622 1919 5
2945 3677 5
1480 1796 19
720 1146 18
2354 553 9
1013 1297 20
3768 195 16
2943 1742 7
175 821 19
870 2680 10
3396 287 20
1386 965 7
2989 3094 11
1174 2339 6
171 2294 7
1974 3692 9
2682 1639 5
1559 49 10
2125 1659 15
1119 1533 10
604 3745 12
625 2507 20
648 1229 5
579 3166 18
2232 1121 18
2816 412 19
261 2076 18
3847 167 13
3107 1723 15
3544 3065 9
3947 2868 15
506 735 6
2574 854 14
3704 3645 7
2567 2268 17
3361 2079 14
954 2887 13
669 145 10
2675 867 10
1785 525 17
3266 3598 17
2114 2769 15
1868 2127 12
736 3712 7
1111 1512 11
3146 2836 11
25 362 20
3705 1717 19
3381 2080 9
3748 3451 7
3193 3655 20
17 3251 18
2982 3412 14
3917 877 6
1912 290 5
2767 3034 14
365 2158 8
1415 1520 19
3758 2545 13
1420 3095 11
2591 1132 5
1158 2369 18
600 476 20
842 2788 13
2331 2799 17
2832 4015 19
1370 4034 12
684 183 12
3401 3434 18
3365 3421 6
2206 2238 11
2879 2301 19
745 1219 18
1384 4025 17
22 3413 11
666 333 14
2648 2283 11
4027 3483 8
318 2673 10
4040 1226 17
3111 3872 19
2228 3856 20
1525 409 5
3189 271 9
201 1317 12
963 2072 19
3265 2364 12
1928 1612 11
5 1806 15
2466 1191 11
3039 1322 16
1590 662 8
1802 3372 19
81 2544 6
3380 3815 13
126 2218 10
1851 3985 19
563 87 5
87 3603 13
832 389 8
1044 1985 16
3579 320 15
2937 3827 12
3485 4008 8
1025 3460 6
3780 3552 9
1332 3403 5
2429 3969 16
1880 1641 13
2109 2032 13
2795 416 12
807 142 5
1697 2275 17
3469 785 12
1579 3793 19
1874 3081 5
3104 3097 13
2738 1429 6
29 148 70948
1197 2064 12
2138 2194 12
2057 2 19
3136 1495 7
3371 3505 6
576 1964 19
2895 3725 7
808 3098 9
2514 3989 11
3261 2770 11
2367 465 6
1630 31 18
1327 2128 6
717 1430 14
1687 1959 10
3397 1175 15
778 768 20
3484 2527 15
3525 2104 20
3829 1446 6
3138 3351 20
301 2761 14
1911 3593 13
2126 1918 13
1491 1492 20
2069 325 7
3877 3121 20
3028 1567 19
7 621 14
1326 2548 20
2280 1824 17
3007 3051 13
3349 1529 19
1053 2743 19
2947 1029 5
2756 3996 6
2005 699 15
135 2551 7
2720 2562 20
3819 1052 15
3611 132 14
1709 599 13
2552 2334 9
1369 3653 9
1836 2783 8
229 1071 13
3681 1127 7
4036 2068 8
194 1388 11
3410 1859 11
1889 1060 8
2640 3060 19
2231 1027 18
3612 3018 17
4015 3280 13
911 324 6
2920 439 9
2592 555 20
768 3044 16
897 976 9
2583 1049 13
327 291 10
673 1588 17
43 2071 7
445 1939 10
1029 198 16
2461 2625 8
1693 958 19
2104 3320 13
632 1929 12
2820 3324 17
2847 2305 17
2566 3055 5
1039 789 13
3695 627 12
1498 1389 19
3894 2279 12
1082 3172 5
2967 2177 17
1330 1255 20
1807 102 16
2768 1736 10
2362 2586 7
12 2915 11
1482 404 20
3307 3705 9
2870 1394 12
371 2852 16
668 2583 17
1860 1609 17
939 3839 13
2825 2830 20
2901 797 12
1978 2963 9
268 20 7
3162 3642 8
1442 3131 11
3932 3425 14
1821 3352 11
2321 3894 9
1365 2396 12
2453 3963 18
3999 955 6
2889 3405 20
942 835 16
3303 2505 10
3340 1726 8
2960 4041 5
2605 928 13
2931 414 18
2688 62 10
1574 2986 10
1071 3393 11
3474 1763 5
294 2579 9
2103 213 16
2814 1578 10
3701 820 18
264 2818 13
618 1774 10
1477 3707 6
1445 2563 19
2304 991 14
406 3398 13
145 2403 10
790 2639 7
753 3419 9
2277 1007 14
1335 4042 6
3213 677 9
3697 1147 8
2073 467 5
1953 1666 14
2013 2533 16
1550 837 17
2977 1518 13
2969 636 12
610 1524 10
2588 2095 14
1725 3770 9
878 2044 5
1964 2890 15
958 2326 12
2942 407 5
2687 2221 11
701 3354 13
390 2800 14
204 1874 17
3912 1458 14
1585 3256 14
3108 3062 5
345 2220 7
3610 1117 9
1859 2695 18
402 3292 17
591 261 7
3826 506 19
1095 22 15
2019 2204 13
2840 2307 11
3916 2058 15
3586 2302 18
3018 249 9
3126 2113 11
3988 1461 9
982 3779 12
1717 1833 12
2241 2287 19
2975 2091 18
3059 3611 5
2932 2344 19
1198 2600 20
3328 4019 17
3221 2333 5
3632 1864 5
3446 1937 18
356 968 8
1092 250 9
3216 970 7
1131 1834 12
1839 2317 5
3784 895 9
1091 648 19
3443 4038 19
3090 1718 19
3164 434 19
3282 3444 9
2824 2694 19
3345 2876 10
325 1856 8
3042 3508 14
2632 69 16
2424 2697 14
1352 3433 14
1406 1263 12
633 530 13
3425 1501 10
1246 649 6
2205 4011 17
550 1234 20
2415 1424 15
3953 1330 15
1390 3086 15
2303 515 18
3769 101 7
1324 4010 11
2076 2762 10
3921 669 11
2842 3994 17
1066 1725 17
1887 3186 14
1419 538 16
725 2277 5
1923 3665 13
2451 54 16
1766 3881 9
2490 2623 11
433 645 12
1586 1865 7
722 217 17
2070 3350 18
1967 57 17
68 3269 12
236 3493 20
779 305 20
3926 2979 16
2325 2946 12
2051 3882 7
2034 2452 5
2121 2997 8
750 760 18
1106 1391 7
1543 930 7
3185 1551 8
1639 2781 20
3961 2615 6
1218 255 15
511 755 6
316 1290 18
1064 1436 19
3271 1595 13
67 40 10
1322 1701 9
801 2444 5
2393 516 9
3918 1905 7
2318 852 16
2364 2672 8
2843 1562 14
2112 2575 5
1117 2416 18
2948 2912 13
1208 4032 10
3009 2460 18
2201 3919 17
2617 2835 7
2092 2998 18
1115 3668 17
4031 3832 19
152 3748 12
2833 117 15
2902 3621 8
1325 686 20
3124 3956 8
3956 1628 7
2481 3747 10
1798 2831 15
3782 1508 5
1052 380 17
3858 2961 12
2214 2261 8
3980 2802 19
3468 84 7
2397 3658 8
3821 2061 19
1359 2331 19
280 726 8
3599 2879 9
1349 803 9
3031 3272 9
978 294 5
2240 1437 19
828 3559 17
816 1346 6
2452 1984 17
1216 642 8
976 3415 8
526 1907 5
1514 3140 5
840 2210 16
195 3533 14
2492 1893 19
1634 2603 17
3639 655 11
1792 2512 7
770 3550 8
3022 2069 20
3287 3689 8
1722 1786 6
2677 1877 14
2726 2370 20
2454 1453 18
3218 3123 8
1529 3831 7
3945 1538 18
1363 1545 6
1994 2605 17
973 3959 16
65 1695 9
1738 2426 11
2992 1369 6
2351 2490 8
1571 2394 6
185 2315 10
1387 660 20
3195 1301 20
2218 3255 11
1916 1657 7
2246 2897 5
1983 3203 13
319 1873 5
2338 311 11
2934 1889 17
1683 3477 17
858 1034 15
342 3157 14
220 944 16
3824 1734 19
3023 528 15
937 1536 8
957 273 7
1996 3836 9
1496 4003 20
2208 1413 17
741 2856 15
2459 3843 10
2523 1850 20
458 3862 14
3177 401 14
473 1760 16
221 3656 13
2517 2152 5
3969 703 18
518 716 18
1023 2033 15
3330 331 18
691 2429 16
1413 1037 14
1105 2270 7
2287 2635 9
1428 2941 13
2862 1275 7
3064 2005 18
2407 448 6
965 3137 9
3719 3921 7
2531 664 10
1520 2827 17
619 2043 18
1975 2482 6
2624 1356 17
1582 1193 5
2981 2354 17
3033 1951 5
2611 2898 20
2102 2012 11
3661 637 6
2785 2023 6
3753 2093 10
2721 932 19
1977 1292 16
1526 1842 16
3693 1216 19
2167 27 20
3338 440 16
854 3492 5
1726 1537 14
4005 3551 18
2052 2936 5
1340 4009 9
1822 878 12
3687 3568 9
173 3660 11
3292 953 8
3444 1155 13
2271 3578 11
3942 3036 7
1788 588 16
163 1637 17
567 2311 9
3803 35 15
1950 2944 15
2853 1838 9
124 3138 16
775 2343 17
381 80 7
3635 2013 16
846 1316 15
189 219 10
3839 2096 10
2000 1266 16
1615 499 8
2326 3498 16
2158 1769 11
603 1593 17
1737 3662 17
3626 1840 16
2388 203 16
3750 382 17
3957 1924 12
296 1273 18
1065 2269 9
96 3471 6
2963 566 8
76 1860 13
1473 2838 6
737 1839 14
585 1343 11
2650 96 5
557 1479 9
655 2074 18
398 3333 9
2996 894 17
241 2003 14
3655 3179 9
3706 366 14
3083 225 10
2769 1277 10
2917 2330 7
3593 67 7
699 313 9
3711 3340 11
3645 3143 11
2548 1549 5
1440 4005 12
1684 912 9
930 2774 16
1744 237 7
3122 3683 15
3382 2399 5
809 3009 11
1328 3735 15
324 1450 19
2308 1716 19
3710 3986 16
3044 2591 16
2334 2523 10
2888 3764 17
1947 372 6
3429 1270 16
3985 3826 10
2098 1031 7
2088 1135 17
2610 166 14
969 1963 12
2346 2597 8
2606 620 5
3974 973 18
687 1384 20
820 3214 9
2511 1122 16
3099 2284 16
935 567 5
1861 3927 9
1234 628 16
3972 1190 14
3080 1875 15
3580 1378 12
3058 3957 5
948 827 13
1444 1997 8
3478 1018 13
1622 708 13
970 1211 5
3862 2342 14
1649 1867 15
3404 1365 17
738 1435 18
211 831 9
2685 876 17
1982 3368 19
2910 1790 10
785 424 6
1400 3543 16
2752 879 18
2952 3857 19
527 2489 13
498 302 20
1613 1989 17
2428 405 19
793 128 10
1264 685 18
3167 3359 8
3762 1460 15
2798 2656 16
129 2916 17
3522 2373 18
3272 2926 12
3418 667 5
3428 3199 10
1168 911 7
2748 386 8
1430 949 6
606 2962 8
265 258 11
3075 1133 13
308 157 16
3450 1560 13
3557 3782 12
756 3158 17
1034 3031 13
2161 2089 17
2725 1041 20
206 3435 14
3857 1197 19
314 1967 12
2035 2857 16
2894 1284 7
315 1745 9
394 2274 5
1193 2184 9
2163 526 10
3439 2078 7
2597 246 5
3876 2776 9
3281 3819 7
1089 1149 18
3940 941 18
2569 2885 18
1460 1419 18
2065 3110 15
576 2745 6
1231 3364 18
3772 3420 15
806 2312 9
1259 471 9
2458 1244 7
765 3722 10
3712 2085 14
2235 3381 5
3835 1544 9
2212 3198 12
2483 15 17
3311 2025 11
1899 921 9
3360 1517 9
3015 1685 15
2209 1710 12
3535 510 14
58 3829 15
416 2834 14
2676 1319 12
3594 3335 11
3337 962 20
1238 697 8
3250 2516 16
354 3440 17
3664 1024 11
2387 303 14
542 3883 17
128 3178 12
275 1535 16
1823 1861 15
547 2641 7
1151 3824 6
1804 1328 12
1776 1626 7
2464 1788 17
2108 1077 17
3796 1251 17
3264 2872 14
1548 134 11
3315 2390 8
3206 248 12
1320 2559 5
3145 3395 14
3913 2677 16
2087 742 19
2417 3933 7
46 801 7
3638 1975 7
1129 3938 18
836 1925 20
2357 3219 9
1334 2140 11
3384 3817 19
3883 3778 5
894 2154 10
602 24 8
1125 3463 6
2796 425 10
2493 3754 19
1583 2453 8
3660 1366 16
1022 1940 13
2811 3711 12
1459 2534 5
3241 2666 7
2652 486 6
79 1664 13
1143 1039 10
1136 1848 7
528 179 6
3356 3537 6
3720 3418 20
3489 2125 17
1731 1857 5
2950 226 15
3453 2171 10
2198 3349 5
103 847 16
843 3030 17
2841 2449 10
2546 517 8
4029 724 13
3050 520 6
1302 1631 20
3667 1222 18
1527 740 5
3317 3069 20
1288 2878 6
2774 3694 19
1783 2617 8
1793 483 17
53 2539 20
531 3260 18
2203 3833 11
2702 1969 12
2416 3150 15
3464 1832 17
3929 214 11
783 1030 14
1949 603 16
664 1576 17
3654 1195 13
1742 1355 9
2058 3303 11
3211 3791 15
3954 2745 6
1508 4013 11
3198 1627 11
2182 2067 15
2674 3930 10
2743 223 6
1346 2117 6
304 3571 10
2561 1439 20
1789 2542 20
4021 2040 14
672 2593 7
2631 1119 15
1186 3316 20
3412 687 13
1707 2893 7
3346 2036 8
78 2553 19
927 950 11
953 3390 9
1954 4001 20
100 3991 18
1027 2708 8
1618 504 8
3447 2670 19
503 3100 5
3860 3092 5
1534 3547 18
1289 391 12
945 2137 7
2555 929 10
2642 3344 17
3333 3294 9
3628 602 7
1626 2114 15
2335 72 8
3097 3713 14
3157 3913 11
2403 1909 10
1344 638 14
2299 3404 9
2128 2166 16
3609 3905 10
3624 2833 12
3951 2705 11
3668 168 7
2636 625 17
2072 2478 7
3387 576 7
3836 954 17
2787 1638 20
1137 2528 12
3102 2934 10
2422 3177 12
2399 927 20
2800 1756 19
884 1881 16
1943 2501 12
1402 1393 17
469 995 12
1392 1308 18
3987 1406 5
2984 4030 15
3472 3934 16
857 1023 8
57 2560 19
2031 3971 5
1404 1341 17
464 3807 12
1509 1304 8
257 1227 5
442 239 12
3853 2511 12
1395 2292 15
1532 3651 8
3596 3975 19
3247 3430 6
3793 2216 6
626 1051 19
3828 805 15
2845 3875 6
1046 3302 14
2064 3339 10
773 610 9
3523 1357 14
2141 2139 7
2220 1265 18
3856 1207 15
505 41 13
2324 68 16
726 2488 12
3755 282 17
3569 2434 16
187 2780 15
3270 2176 8
643 598 11
961 2304 10
1882 3220 10
2653 3023 19
988 1223 7
916 1444 5
743 695 17
3555 1876 12
358 1789 13
1627 787 15
881 710 6
510 902 18
4017 3366 12
132 1558 15
2233 793 13
3725 2431 10
2276 3737 14
2332 421 19
2712 3446 8
2935 3224 9
256 2895 11
2654 3949 7
1988 3746 10
1883 509 13
1348 3691 20
3463 1871 6
373 1455 10
3574 592 24
3968 349 20
2782 2584 11
3566 2809 17
3324 1342 13
1277 3822 15
1939 3442 20
182 2567 8
2144 1687 8
871 3233 12
525 419 11
3295 2028 17
634 1167 5
2484 1239 9
560 2138 10
3943 547 17
3175 1990 13
719 264 16
874 1764 5
1037 2160 6
1461 3948 20
1446 3511 10
1350 307 5
14 328 6
3285 2797 16
562 3325 12
2779 3695 13
1961 641 11
2136 373 20
892 2324 12
1112 1954 5
2067 3589 10
2645 1335 8
1678 2264 20
3587 2173 10
2268 1296 6
617 1047 19
3663 3429 5
2173 1091 6
2291 2237 5
1831 3560 12
1991 394 12
32 788 19
2955 1463 14
2382 1948 9
652 2752 10
350 3367 8
2564 541 17
762 2714 6
1677 605 6
2717 589 8
3255 3604 13
2010 2724 19
3505 3880 8
2185 3719 20
2373 575 6
2157 948 17
1381 2182 11
2515 2133 8
749 3037 19
3641 2753 9
663 1347 12
1254 2428 14
2543 1622 12
1757 3541 19
2877 2771 11
3127 3731 7
1353 454 5
2381 2298 10
3907 3585 5
2755 2786 13
1647 3189 14
1871 12 14
2259 359 6
3348 3529 19
2719 2420 18
2908 2585 13
1992 205 15
1241 3099 5
3078 3402 12
620 2480 20
1070 3299 7
3892 3008 15
1546 2738 16
2021 1302 5
395 3057 18
1853 2822 15
2957 2687 18
3308 2728 7
1042 2758 8
279 2372 7
1021 3602 13
3068 2937 19
28 3361 10
3376 1507 15
772 3664 14
3014 244 5
501 2541 8
1741 298 13
2568 2503 19
2323 449 16
3646 196 12
3310 608 6
125 2126 9
311 3191 13
1114 1732 8
1355 383 14
1162 323 10
3199 2106 14
3137 3718 19
1040 2517 16
1429 272 11
1045 3531 16
1711 1105 19
1599 957 11
4045 3861 20
3318 2187 20
108 1607 12
3959 125 19
3831 3225 11
1 2124 7
3226 3806 11
1464 1768 11
594 1426 10
3248 1417 11
3574 2754 6
1310 3704 18
359 3399 13
3834 3084 10
697 2273 13
2747 943 17
2966 1776 9
1278 1380 11
2710 2389 20
2868 1647 10
3336 1084 12
712 535 6
1960 1140 12
3286 2476 7
711 1596 10
2619 2729 12
1490 1268 11
708 3338 19
723 2276 6
1250 935 15
3062 3784 15
1195 1409 11
3761 2082 9
698 177 15
3003 301 13
3372 1293 10
932 3476 20
1109 2727 10
1511 469 18
2191 3750 5
2210 841 19
2329 3336 6
56 2387 6
3752 2538 17
2649 139 19
1167 1983 12
227 2860 15
1617 2481 14
389 2899 7
1128 1569 15
636 1697 11
3528 3205 5
3728 1500 15
2196 2924 8
3212 1748 14
792 3849 19
2704 1411 18
1775 285 17
3689 1785 14
744 3773 13
450 1541 18
305 1608 7
2578 1703 9
1261 3078 6
2055 1799 10
427 2007 6
3431 2726 13
2370 39 7
3899 3184 20
3326 707 5
733 3702 10
134 3734 19
824 3101 20
1295 3160 6
3676 2497 14
1595 909 10
3495 2169 13
2229 2619 5
1535 1116 18
15 2732 18
2703 3139 12
788 103 7
3741 2325 9
2657 810 5
991 3818 15
2432 983 15
1248 163 8
3000 2308 14
2179 2422 13
3757 978 10
3094 2977 19
3383 868 6
385 336 10
2716 422 11
1989 427 20
2818 3328 18
1043 2458 5
2965 1451 9
2226 2939 16
1846 493 20
1682 2576 20
3353 431 20
3482 3768 13
3534 3043 7
1781 2608 14
2887 3964 10
914 3774 10
2468 3231 10
3678 758 7
748 1186 5
2878 1699 14
780 3834 10
941 3188 9
746 2191 8
2044 2262 6
2839 3619 5
106 2840 16
909 3370 6
213 855 18
631 818 7
2018 1801 16
943 263 7
2944 2350 12
3842 2207 7
624 3556 14
137 1172 9
515 279 19
1701 2558 20
328 1809 20
1636 2048 7
986 388 9
3800 2234 12
3368 119 13
3900 3105 14
199 2297 8
1900 1420 19
833 321 17
1222 1228 7
915 2291 12
216 2451 18
192 418 14
1645 3454 9
2749 1847 17
1270 2179 16
1933 1920 20
4013 47 10
3449 2554 18
3490 1783 19
862 3659 13
3456 1670 7
3002 2568 5
48 2712 18
3036 3093 9
2573 1445 13
1217 2502 13
596 2400 19
368 240 9
3153 3173 19
1132 1953 8
2532 111 12
3901 3503 13
1819 3426 16
3794 1427 20
1474 169 5
1780 3648 16
2024 974 7
2608 1377 16
2919 411 13
1424 1249 17
3571 3091 17
2342 3613 20
4041 2546 8
3958 342 11
2553 934 20
2692 455 17
3815 1720 9
66 2266 12
583 385 20
1733 2186 5
1881 3926 14
1285 624 16
3814 1587 14
1972 1096 19
3672 1778 7
1896 2211 6
1835 3915 20
1942 2682 9
802 1428 8
2289 564 13
607 661 7
2066 3870 15
430 2521 17
1142 415 12
2718 1238 13
1937 3238 20
2526 1082 6
3224 863 19
447 89 15
613 3519 5
2398 736 6
3965 1338 18
130 675 8
3354 1911 14
2107 3457 19
4024 141 17
1410 1743 9
3749 3977 9
2714 3515 20
3342 1617 16
730 717 20
1271 2530 19
162 3176 15
3520 1353 12
2313 2454 17
1434 3803 15
2672 574 20
1930 1669 5
1818 2907 19
3585 17 12
105 2892 14
4042 828 9
2549 839 20
800 3313 14
1299 3346 8
1936 3762 12
2897 3288 10
3651 3047 11
2255 2254 7
3867 232 16
1318 2923 18
1160 2100 14
1669 3924 7
2621 2021 18
1452 753 17
2180 184 18
2153 3112 17
382 748 7
1451 3428 7
646 2358 19
3751 3513 8
2160 2240 19
1512 2357 11
640 3966 19
1718 1754 10
3325 2046 14
1073 1624 7
3937 1728 15
2684 1033 10
2097 3232 15
2869 1519 8
2581 1741 15
2547 1329 5
1533 3522 11
705 2748 10
1864 2668 10
1282 2248 8
2042 3847 10
245 2157 15
2550 3019 11
1274 1822 13
1378 1161 12
784 1168 19
3480 2329 6
573 1933 9
2771 2905 14
2283 2360 17
2562 2531 15
477 2883 7
2478 2375 54957
1076 2376 8
4026 403 16
2450 1642 16
653 1908 9
727 1602 11
1224 1326 20
3896 2594 10
114 3789 13
3134 2643 8
1980 3792 13
2033 1373 11
3920 1505 14
1554 2196 14
1361 3680 14
3622 420 10
3045 1780 18
1638 3557 5
3106 2804 14
60 1423 17
3643 2917 5
64 339 15
118 3965 18
2742 1935 8
4020 3027 7
3154 1852 19
2040 2750 15
1643 2599 10
3013 3414 11
3547 1866 11
321 182 15
3851 3103 16
2844 737 16
1696 3067 19
2881 2648 12
3268 2803 17
419 2825 10
588 830 15
1251 4044 18
2665 3804 6
3781 613 17
3820 1118 12
3171 1976 7
3454 1496 5
13 1395 17
3458 1771 15
392 3054 9
593 3821 11
393 1002 7
2378 2245 14
929 4012 14
1249 3196 8
263 1946 12
1976 3345 5
251 2415 9
2148 1884 13
742 561 20
70 3698 9
2598 3891 17
3986 3174 9
3100 2042 7
1104 2972 14
3541 2681 11
2311 3710 14
1063 97 20
3764 1843 11
248 3377 8
2962 3738 11
444 2300 19
2609 2569 12
1948 3162 7
2558 2208 8
1399 811 15
3156 3772 15
798 99 15
3658 2570 13
2302 3987 15
262 151 12
642 580 14
3776 3577 18
2594 2746 9
1713 149 5
3878 2766 17
2615 1046 9
2804 1465 10
72 1966 20
735 3108 14
709 832 5
767 3387 15
252 224 16
584 3489 18
2533 1620 8
176 2105 17
2183 3758 20
160 221 13
3770 2057 17
269 2909 6
2535 3309 20
1455 498 18
1915 816 16
2085 3474 10
2474 1022 16
3659 2432 5
2217 428 19
1716 2731 17
1764 1489 9
3718 2604 8
1020 3917 12
1652 2253 10
2168 115 14
3805 3854 9
2501 3635 17
2760 1289 11
3615 3090 17
47 924 8
1865 150 15
1918 859 9
2891 1906 20
3515 501 20
534 1660 5
3792 2556 14
3902 1374 11
2222 1372 5
2295 560 10
3549 2472 6
281 2148 7
3321 2341 20
580 495 7
1339 714 17
2635 3771 20
1761 1182 20
2219 1879 5
1830 1794 7
4016 1174 16
136 236 20
2310 410 18
586 2087 11
1221 3406 15
2664 3893 9
3700 2141 17
2956 3089 10
2671 3115 14
556 435 15
1120 1462 5
825 727 16
468 1968 9
2237 3378 7
2764 2947 13
3763 1314 8
217 2101 15
23 2792 6
2527 1616 17
1898 30 7
2038 2190 15
875 1480 9
2386 1021 15
360 1682 19
1488 3323 13
339 1452 8
3631 399 9
31 281 11
3494 1721 6
3696 614 11
3079 3997 10
639 992 13
3811 2764 7
1421 779 9
2041 60 6
3438 2613 16
863 544 17
2216 4021 9
724 616 12
791 3040 10
3825 459 15
374 376 17
2994 1502 16
3996 3724 19
835 823 5
2239 3088 18
2775 798 5
349 1970 7
94 720 17
1867 2957 5
2790 1782 20
6 3 15
2911 3409 15
3436 3072 15
1411 3114 6
2855 3978 20
3713 764 11
3077 3312 6
694 3688 16
3623 2425 16
193 3576 15
1750 3799 11
1843 1212 14
1026 2471 10
3788 2115 17
2009 972 9
3390 1891 6
977 354 8
2858 507 13
2708 2257 10
2162 3032 8
1959 1464 6
545 3536 7
164 1043 11
3888 2004 11
680 3432 20
830 2592 10
1009 1872 11
3983 2242 18
3016 3661 13
1714 545 6
856 3867 10
347 3920 6
693 3958 18
2298 1048 14
3804 1382 7
811 2819 11
546 3690 9
3869 1102 16
3228 1846 20
3680 2646 14
1771 640 14
1979 825 18
3516 3248 9
1772 3376 19
781 2719 11
1154 4018 16
2077 199 9
3065 2086 14
3239 1826 11
2582 2555 13
1735 1927 13
2470 2713 11
313 2848 6
3115 329 7
2849 1367 15
2554 3394 16
1685 3644 13
1149 3487 20
1453 1276 6
3147 2165 20
391 3797 14
2678 2849 13
695 2903 10
924 2532 8
456 2900 12
3946 1421 19
3914 4017 17
1078 3427 15
638 1601 18
3874 3495 16
1229 3286 16
2389 3838 13
1102 3563 16
3433 2131 18
1850 2951 5
396 1552 5
3117 1042 16
688 208 12
174 3781 10
715 1418 19
2836 1311 9
630 3907 13
3120 776 17
3188 3290 19
2916 1482 9
1242 3900 16
1863 393 20
3895 2345 9
814 844 17
3442 2655 9
2457 3941 12
2519 2192 19
208 3610 19
3948 1247 6
3467 2495 13
2971 1008 17
3441 1987 15
2328 2485 15
2155 2349 14
812 3960 10
2288 1019 14
864 1327 20
1913 207 10
1141 2980 12
1157 940 20
541 964 18
1360 1083 14
3152 2319 19
3074 2368 11
1670 1351 9
2776 2094 16
3994 819 8
2789 3816 6
3420 3431 17
26 2461 7
985 1470 8
3679 3652 13
829 2621 16
662 2500 5
1041 3886 19
3565 2022 13
1635 524 11
1010 2439 12
1963 3195 15
4046 1837 9
2307 3242 19
4034 2102 14
530 3837 12
410 861 6
1425 2134 19
2340 2976 16
551 3666 11
3975 1863 18
1770 78 11
2106 3397 17
1734 1011 11
2007 822 5
3648 2353 19
1905 1692 18
179 1511 19
170 1233 14
232 1361 14
2694 2222 20
1848 2950 9
3245 2959 15
761 247 18
2513 795 17
288 3811 6
2230 1634 20
3866 980 5
1564 2784 16
3875 3601 6
2496 37 5
3001 1630 10
960 1575 7
1153 3329 15
181 2299 16
49 2327 11
2860 3046 20
3526 1513 8
2697 3061 6
1499 639 10
3496 1897 20
1847 2588 17
3220 1370 17
2740 960 8
3576 1001 14
1938 3382 8
2851 3118 12
2263 1586 15
879 2459 11
71 1415 13
1200 984 6
590 2624 15
2759 527 10
3278 808 17
764 1494 16
1342 781 11
1632 680 11
3060 2038 12
1932 1260 6
1699 306 14
1060 3951 5
1059 3450 14
595 750 13
3070 3125 20
2139 1309 17
3595 3687 9
3182 1259 6
1206 826 16
30 3521 15
1703 1640 19
3597 1932 19
2030 2734 15
989 1561 5
1397 2203 15
1605 2081 19
460 2611 6
4008 1773 9
1074 2006 9
1790 1886 14
3941 3973 16
2375 270 14
1297 2955 11
1144 3307 17
2848 3794 20
763 1800 11
1179 1274 5
1817 3245 18
3179 1610 10
3132 961 6
3072 3562 12
1904 2129 11
3096 2609 8
3350 3841 12
3852 1504 9
2875 2143 18
3640 1820 11
1993 1315 9
1494 381 14
1181 3878 8
1069 792 18
2192 749 15
2866 782 17
2602 615 15
1309 374 10
3656 721 16
1844 2119 8
3625 814 5
3962 2121 18
860 3984 18
3434 1621 11
1723 1402 15
4012 1192 19
1667 2965 19
1628 3974 15
1219 3798 9
3296 2199 9
369 2167 6
869 3276 15
40 2066 16
3367 872 6
3742 543 9
2036 3931 16
2078 3247 16
3767 2633 8
1202 3087 16
1940 1441 18
2885 3244 18
990 2430 13
2680 2773 20
1946 3107 17
1243 1882 20
91 3516 12
2485 53 14
2575 3074 12
1308 1454 7
1784 3152 5
577 77 16
2275 463 14
3419 3273 14
1146 438 18
2150 1941 5
1236 3263 13
3570 2566 17
3203 138 14
2706 2404 6
3688 888 7
3605 3647 5
1999 1280 15
1447 3504 15
2446 7 7
3993 3363 9
198 1397 19
1281 1066 20
3290 2144 6
1572 94 17
2384 1992 9
1878 512 20
88 1125 9
140 1350 9
3128 358 14
3414 274 11
2353 3643 5
671 1115 20
2827 2874 13
2886 3230 18
2358 1972 7
3723 2676 19
414 2424 15
2584 2450 9
925 1412 20
432 2214 19
1035 1645 18
1658 1126 12
408 2969 11
3385 36 13
3967 3848 16
3184 3500 7
3737 3128 5
1704 227 16
3589 3385 16
3823 1649 14
1362 3357 18
2469 2994 19
3260 3523 11
267 1487 14
910 2859 78670
900 3871 18
231 556 5
665 817 20
1955 161 17
2874 3210 18
3532 2457 13
1469 2598 13
3775 2813 19
907 3151 5
1001 1090 14
1079 2361 12
1476 251 7
2380 845 11
2438 1078 9
2838 2348 11
3652 2984 11
1749 1400 20
3488 2610 14
2423 2741 9
1648 1114 19
1664 1690 8
1061 228 9
2435 1358 19
77 464 16
3483 3673 20
3562 1600 10
3813 2930 20
1981 1484 5
597 3858 17
999 2233 5
2320 1256 17
3369 3494 13
3997 815 11
1098 368 11
1814 120 6
1951 3147 13
2293 1689 10
1686 1120 17
1600 2252 8
277 729 11
3421 2506 10
146 3910 18
2656 3670 11
1048 4036 19
36 3284 15
920 1124 15
2174 2601 7
3618 946 15
16 2958 9
1138 1982 17
2829 3716 20
80 2136 16
3798 693 8
2156 3102 5
1072 3944 19
295 770 13
3341 133 18
1791 2278 7
3258 3155 15
3141 2862 20
569 3218 13
3202 3609 10
139 1443 8
919 1063 5
2270 3922 10
1211 3544 5
3392 443 13
2296 1471 9
3608 3538 15
1795 2634 15
2132 2805 20
3411 2526 13
1396 988 11
682 2971 8
209 3221 16
120 548 19
1135 2231 17
2110 1044 12
1049 222 6
3222 919 10
3517 3449 5
2045 2161 14
2317 3787 6
1500 1183 11
372 3514 18
893 1016 11
2741 1310 74409
3057 312 12
1215 370 6
2744 562 14
3140 571 15
880 1770 19
502 3243 18
3142 3828 12
817 318 14
3313 1285 17
3437 1298 6
405 210 14
3194 1594 17
3979 2029 7
1312 2316 10
523 2723 20
1560 881 11
3991 2336 14
3726 3026 18
3052 1615 18
3190 1858 9
3403 315 6
1423 2383 18
1196 2205 7
1458 503 8
1706 778 12
2297 390 7
2968 1942 9
2801 3464 11
1530 3575 15
514 1059 17
1625 1003 13
2563 2468 8
3103 2747 10
3582 1058 11
1448 1466 5
357 188 7
2731 3756 20
3653 159 15
1578 1571 9
1456 607 14
566 426 5
3240 2090 15
3630 2015 14
99 462 18
2361 3384 11
1563 977 11
2039 3240 10
2966 687 15
2540 1000 12
1705 3052 16
2854 2823 19
1495 2906 10
1223 1371 13
2707 3592 20
1016 1869 6
3889 1635 11
184 3388 12
2693 413 18
1173 3287 7
2953 2914 14
1768 1442 20
2199 2810 15
2628 864 17
2959 3013 14
2643 1243 15
873 350 9
2822 2189 20
3055 1962 16
2924 3528 14
2793 3808 5
4019 1980 17
440 3266 17
3930 2995 17
1170 1159 7
2980 2259 13
3021 3912 12
1368 155 12
2861 2631 19
2600 178 13
1489 840 15
240 165 12
2409 3928 7
384 3469 11
1902 2108 13
3938 3763 11
260 1245 7
1002 2249 18
2507 3327 16
117 3456 8
52 3011 7
1468 2384 19
481 3755 11
2896 2749 19
987 1130 13
1306 108 17
2639 3709 20
1256 2632 6
154 583 13
1539 1526 12
1517 2587 12
2865 2663 8
2053 1960 20
3116 1009 8
2904 3682 12
2724 549 14
1319 2561 11
558 2223 7
3691 2524 15
3473 2051 13
3257 1362 5
2502 3265 13
207 2824 6
1471 2346 7
587 2865 14
3591 2725 19
529 597 11
3799 1481 5
1262 1644 20
2557 2793 14
2359 2438 17
3513 1714 9
644 477 19
3089 3844 12
1364 304 12
3300 2118 14
612 1272 12
3430 2991 5
3092 3686 17
3552 1200 11
1700 3365 10
3925 2590 11
2083 3638 10
309 1081 5
441 400 18
1303 1762 9
3614 90 9
3395 1112 7
2809 3906 14
3502 118 6
1258 299 19
2976 3981 7
3524 1360 14
3283 1890 14
754 482 5
3501 550 17
1032 3979 12
2369 1821 9
470 2385 16
4003 2147 5
3398 3852 20
3773 1945 8
3904 3379 5
678 1181 5
230 646 13
3455 3000 17
1265 2877 7
1777 2235 15
116 2320 13
3319 1928 10
758 1654 16
1166 3946 10
509 3145 8
3731 152 18
2857 722 17
3426 3342 11
3567 2812 14
1760 2351 17
3650 2313 9
1479 2911 16
649 2999 5
1316 3059 13
2418 453 17
1558 2851 16
3879 2573 13
4039 3362 20
2538 2514 14
1736 3845 13
3563 1936 17
3743 1210 10
1609 1300 10
2659 947 10
3391 1017 9
2355 3726 14
637 933 5
3331 220 10
431 1098 18
3936 1488 19
54 1136 16
397 3171 7
355 3279 11
289 3275 18
799 2935 19
2637 910 11
838 492 13
1056 1917 16
3316 2178 16
1925 898 9
611 3911 6
861 1885 16
3843 314 15
1801 3202 9
1826 917 7
994 860 6
2491 3877 11
2123 468 12
1126 2678 8
1305 618 18
2008 1334 14
1754 238 14
2390 2180 10
1767 1878 17
1067 569 18
3694 2181 17
627 3649 11
1720 3082 9
3008 1523 17
1935 800 19
407 310 11
1094 1162 17
2471 95 5
3087 442 14
1957 130 12
2411 1525 10
1834 4029 16
2739 367 10
1769 1767 5
1075 2421 11
3499 713 19
490 1026 14
2679 3708 16
1004 956 13
1747 3332 12
3721 170 19
2695 3945 11
3029 2356 8
2576 3572 6
3863 489 15
3422 3618 5
2641 2992 7
972 2881 12
3727 3640 6
186 1111 14
2371 3168 6
3242 1036 19
1828 1103 5
571 670 12
1721 363 14
1663 3549 7
2534 74 12
329 1485 10
2032 3743 12
1660 1722 18
3481 700 11
3882 2246 6
1433 691 10
348 266 11
61 709 9
1969 3570 12
922 2202 5
370 252 13
2027 3499 8
2111 488 14
123 2525 16
228 971 17
1642 3217 17
89 2983 12
1551 487 14
2406 2496 9
3030 2213 6
451 1749 8
2166 2142 18
1893 1784 7
1233 230 11
3911 2629 18
237 2942 9
2421 2638 14
283 1744 8
239 952 18
1987 2932 18
4009 2239 12
1763 942 7
1176 591 8
2366 2736 9
1416 2628 8
938 3481 20
2541 689 10
615 229 18
2274 3526 8
2189 3291 7
522 1067 20
1917 1160 14
2593 3675 15
2500 3424 18
1099 3715 16
3703 484 12
2440 3113 11
3601 604 14
2754 63 14
3984 3180 17
1255 3258 8
794 82 12
2973 2987 13
1030 1949 8
3670 926 5
3093 2030 8
543 61 6
1375 1793 12
2020 1835 5
2202 1991 13
449 3940 13
3231 3194 6
1606 55 10
1565 505 17
3160 337 12
178 1661 9
3575 3895 9
1679 2627 19
1431 3132 7
183 1566 5
883 3897 19
1472 3252 14
411 1344 11
2312 2618 17
3288 1169 6
2477 791 9
716 606 14
2579 1108 10
1810 335 11
300 65 18
904 1795 17
82 3786 6
1194 513 7
3233 1204 15
3977 1739 12
2290 3810 8
4006 1808 18
1205 1973 13
3927 2730 10
3674 3022 15
1516 1993 11
131 2653 14
3970 1095 11
1436 2867 8
1191 790 13
923 3193 16
2559 3322 9
1199 1733 17
2462 143 16
2691 1065 13
731 2700 9
3765 3175 6
3606 1142 16
2765 1242 13
115 2578 8
868 3301 8
3559 1141 11
3041 2943 10
1062 3740 11
1773 3183 19
3564 3297 7
3931 1543 11
1666 3453 17
3880 2188 7
782 3628 14
2495 3236 17
3223 3130 7
420 2388 12
2356 1144 19
1958 2519 9
1753 759 5
1427 64 14
3603 1704 12
535 1158 13
2821 3800 17
2350 3579 7
259 308 9
1412 2520 11
2372 3470 16
2686 612 14
377 186 6
2625 3025 7
352 771 18
918 521 6
1568 3207 16
2221 2041 20
428 936 8
1929 652 15
2812 106 6
2443 3706 20
3613 3753 7
3840 3595 5
3235 3899 19
538 2925 13
1507 2464 16
516 296 8
1317 56 17
992 871 20
3475 3835 5
2525 3890 6
1838 2436 18
2859 2039 7
1283 1010 13
2242 2720 16
1825 676 18
2570 1580 9
3808 1203 11
752 2767 16
1596 546 15
2571 300 7
1457 1554 13
971 900 5
1895 3697 15
1470 3520 7
906 3732 19
3289 2149 11
2933 1086 18
489 1855 6
2300 3308 10
3497 3134 11
306 3851 8
739 1912 15
3982 3283 7
702 2630 5
3637 3539 17
1287 643 14
196 3085 13
3191 2698 8
1463 176 9
486 3865 5
1483 2251 7
2056 3215 18
787 2391 16
926 197 17
2256 1087 19
959 1514 5
707 283 19
3163 1398 17
3584 1414 5
1820 107 15
2683 1903 15
2663 3723 13
2472 2258 9
3374 4043 9
3604 2026 20
1732 536 14
3692 3657 6
2405 1209 20
760 508 10
1910 731 13
2773 1787 18
1190 2172 11
38 2174 14
286 3117 19
1276 13 5
1475 2684 14
1588 884 20
1876 164 16
2050 1747 13
2122 2433 12
3024 1629 12
1566 584 17
1481 3222 12
2023 2811 19
2284 3733 18
1300 2808 5
231 2943 39
2404 1208 18
2612 3300 12
3850 1154 10
1291 1068 5
847 2952 12
2063 2744 5
33 2504 7
706 2901 15
1956 585 11
564 938 9
1952 3932 19
1724 1853 19
703 767 14
876 1493 10
3006 206 10
1805 829 20
1549 3812 14
233 3185 18
3207 1123 14
3577 3170 19
1604 66 8
1279 1803 19
2995 8 19
1656 1836 18
1602 865 5
2151 2155 11
2701 2595 20
859 277 10
1366 262 10
1486 2509 17
493 1599 14
2140 738 12
913 3096 11
867 754 17
3056 2869 5
3486 2757 18
2171 1766 17
1806 1472 17
1383 730 5
1376 1974 19
151 2817 18
3519 1240 17
1633 140 8
3460 2200 10
3944 557 11
896 3200 18
1927 211 18
219 1129 17
1524 1188 17
3854 2260 13
1172 284 19
119 2706 7
1752 1901 20
3025 2437 18
608 29 19
1536 174 11
2823 481 18
2480 903 7
1373 3353 20
2730 2366 13
133 364 7
3076 2828 20
1849 3783 17
1057 1870 7
3131 3530 7
480 2844 6
1503 1354 5
4014 1727 8
757 3083 18
11 2564 18
2599 2612 10
1990 1648 11
1356 2789 12
138 1468 10
2436 1237 17
2892 1199 13
3550 1668 8
2068 2691 6
2003 2913 5
3771 631 19
323 3156 8
3170 2380 20
3159 1497 9
1257 3868 8
3521 317 17
1570 2775 6
3363 3133 13
1214 3209 12
3251 1827 13
364 81 10
2623 332 9
848 2607 9
3448 1921 9
2872 2395 14
2442 2701 8
2374 2510 9
2997 2107 13
3098 3461 19
51 2820 15
3702 534 15
1873 744 11
776 2557 15
3893 212 10
3440 3788 12
2482 2796 5
3572 985 15
805 551 16
424 1076 6
2394 1151 8
285 3014 8
877 2153 7
964 899 19
3026 775 17
500 712 19
1201 3063 16
1323 568 10
513 2309 5
2455 666 15
1003 2352 11
1183 2659 10
307 387 9
908 2377 20
3738 1658 12
2489 866 15
831 1014 8
2181 739 17
690 3042 20
2081 1979 8
1414 1603 15
658 3257 12
1175 3281 17
2475 235 13
2319 135 7
383 2335 17
751 3001 14
276 539 20
3407 3574 19
2262 1054 5
645 3035 14
3787 1072 15
2903 3993 12
423 146 18
1995 171 5
1107 3073 19
2016 470 18
2528 3876 6
1171 2306 13
2781 2756 12
3284 757 5
453 907 9
1182 3254 20
1012 98 20
901 3326 11
1581 1178 6
3344 3561 5
651 3161 66555
246 1025 20
3989 334 6
718 2195 12
2467 259 12
3269 2920 19
2437 1156 7
2762 2967 8
302 1934 10
769 3120 19
122 2289 9
2204 1681 19
1523 2964 9
2082 2263 12
127 309 15
2503 3204 15
1478 1604 14
537 3776 16
2616 1416 15
2986 812 5
1294 1957 14
3209 2785 15
3118 1582 11
2090 4014 11
2907 2280 8
177 1383 14
3254 1581 12
3373 3126 6
2345 1740 13
903 1491 10
3740 1675 11
1097 1050 10
2337 683 8
1145 2896 17
1692 3967 13
3952 659 20
1676 1348 12
507 1777 6
3837 3869 18
3150 3318 11
1450 3106 18
234 3142 6
3671 2470 13
729 231 9
3817 2455 18
2537 3080 16
3540 3879 20
555 1555 20
3746 1676 19
2049 1056 17
2282 3728 16
3186 3721 18
3477 1816 20
1702 657 16
656 479 8
466 3253 8
1028 3567 18
1934 1073 20
2479 233 8
818 2009 13
1529 2048 45
169 3235 5
388 3614 15
2309 3111 16
3267 2229 13
885 1707 15
2281 2760 11
1621 1474 12
3791 3041 7
1528 2243 15
299 2657 15
2545 1522 12
366 2921 14
2509 480 7
508 3293 13
755 3298 7
121 86 9
721 1579 19
1493 2392 9
568 3937 8
2012 3696 20
75 1503 19
3457 3064 14
1829 1851 12
3389 2735 13
2983 1399 14
443 1817 13
822 2477 18
1576 3741 5
1284 1923 5
3506 1900 5
2273 3757 11
409 2031 9
462 1457 18
2690 1916 10
340 897 6
425 915 9
190 696 19
1510 1392 11
2972 88 8
1637 2622 6
1657 1633 7
609 2146 7
3909 873 7
3922 2850 20
3886 14 5
2898 592 10
1185 2050 9
3034 4026 7
2939 728 9
2988 1139 19
1268 2159 5
3910 634 20
1018 4002 17
2846 3859 8
795 1724 12
3992 848 20
2828 3423 8
3063 327 13
1673 3355 14
1712 540 15
1619 2374 15
1343 3584 13
3165 1305 7
3620 573 10
191 1559 7
2117 2381 15
3073 1894 10
2336 979 12
3872 8 17
2913 2466 20
3724 3605 11
3301 2156 16
2560 2498 16
214 1577 9
1118 2224 19
2383 3953 17
2757 3182 12
899 1217 13
2728 2228 16
1577 1705 14
3511 1548 8
1779 1887 10
3012 1230 5
1209 2017 18
203 122 12
3949 975 11
3530 2413 17
1537 1700 13
2946 490 12
297 497 11
3971 3889 15
1756 1004 18
2596 3542 13
2499 3720 5
1650 875 7
69 3167 10
303 3918 20
3005 1386 11
244 684 8
1708 1656 16
3219 1352 20
1108 1943 13
3130 2219 13
2921 945 8
1007 2492 18
3435 1476 15
1729 280 12
3818 3228 19
1840 4031 12
3302 243 5
3176 1930 10
3735 1012 20
2330 2975 17
3355 2135 15
2819 3144 18
3082 126 8
1547 2001 14
601 673 10
3232 999 8
1124 356 11
1005 2099 7
3161 2378 20
330 3104 5
157 2574 14
3253 765 7
3709 1758 17
3717 2669 7
1244 3021 12
1695 1678 7
1036 2286 18
3413 371 13
1058 110 7
282 1564 16
3600 3330 8
2797 3936 12
1336 4040 9
2505 1198 15
3786 3148 14
1081 1509 14
3844 570 15
3066 3769 7
3320 3942 18
2835 1955 17
104 1755 16
2536 2132 8
2400 2740 5
278 916 18
1139 1137 14
2909 651 5
3109 2661 15
44 2640 12
168 3903 6
3514 1534 9
2587 3853 16
1541 668 17
3143 2282 12
3684 3053 14
3180 3278 12
3629 1590 6
3067 1671 20
1382 601 7
2880 869 18
3148 688 18
2766 260 7
981 1746 19
2791 2020 7
2059 2016 9
59 2241 13
661 1064 14
3933 436 15
2314 3389 5
1502 1224 8
3452 1674 20
1150 204 7
3309 2815 17
3848 3223 9
3636 3070 15
42 1225 7
947 901 17
3683 2303 19
1694 3475 19
1971 1331 9
438 3262 11
823 433 10
1845 3029 18
2243 3654 20
2737 1196 9
3590 2854 13
2808 1128 12
90 3347 11
849 2996 7
689 1218 20
789 773 5
3280 2314 8
3416 3264 16
467 718 7
3323 3076 20
1443 4 13
3040 3452 8
2327 2062 19
331 3448 16
2142 626 14
1213 679 12
3507 2402 16
2763 3916 9
1329 3241 17
3343 2954 19
3607 3268 20
4011 3010 7
362 402 9
1540 2462 20
3086 3693 5
39 3627 7
629 1679 18
995 678 19
2806 2703 12
2784 2807 16
3027 3532 13
3476 3840 9
3135 2473 17
3619 1349 7
2487 743 15
2285 2288 11
3708 32 5
2644 253 13
9 3501 11
3192 2515 14
3928 587 6
421 2535 5
3173 807 20
404 357 11
2186 2322 18
2626 1215 13
4025 1994 8
1614 2953 5
1133 1553 8
2646 2960 11
3366 1179 5
3046 1828 19
1800 1498 7
1589 215 18
1357 2888 8
337 2209 8
153 1510 13
2207 542 13
8 1345 16
3423 3801 15
589 2271 9
3546 3201 11
1177 3765 14
3553 3674 10
1296 2332 15
2176 2777 18
3032 417 14
1485 3028 18
581 2011 11
363 3684 9
255 2693 17
491 1563 11
4010 1904 9
3399 2581 17
413 609 15
3539 494 17
401 1810 17
647 3727 7
3744 838 16
3802 519 14
826 3744 19
378 175 8
2864 2479 20
3197 596 15
3275 3761 11
3243 3163 12
1439 833 11
3427 2185 15
2258 3860 16
1747 1898 33
677 923 16
1758 1279 7
1047 3866 10
2425 1387 7
142 6 18
622 3909 10
4043 1434 13
1973 1902 10
1212 1201 15
2783 3358 19
1163 1738 7
2614 734 10
1466 1584 8
771 2418 14
2124 3002 12
3375 3267 18
101 1145 15
3838 1653 12
2729 786 19
3168 3901 15
2376 1254 10
2130 1899 62155
2341 702 14
2867 846 19
839 1931 18
2043 674 17
1612 1100 20
996 2837 10
3503 1333 16
1727 694 20
2279 1074 15
2830 396 15
2580 1028 20
222 2494 10
936 1194 9
3479 3305 14
891 11 5
3244 2768 7
692 836 15
3038 1213 9
93 1663 5
290 2442 11
1245 1735 8
3512 3213 17
3714 1883 18
966 1896 14
3890 1818 17
3981 3024 5
457 2024 14
1031 751 13
3722 3459 13
1169 2577 8
1240 2123 12
2658 473 15
3903 1868 17
2699 1368 7
2604 3386 11
1100 2794 11
1389 3873 19
3785 882 14
210 963 7
1837 1214 8
3527 1540 9
2365 579 12
2735 1405 7
284 2447 18
2377 158 11
178 1162 35
2190 2411 11
35 802 20
1986 1295 20
188 3277 10
3873 3982 13
1903 2547 20
1314 994 6
165 194 12
813 3667 7
1842 2910 12
3297 292 5
1050 3641 11
2006 42 13
1743 452 6
1260 48 19
1374 593 6
2120 2355 15
3950 3482 19
3017 3701 11
1354 2419 18
448 3506 7
3627 1431 7
3783 2858 18
2777 3408 13
3049 1486 13
1629 1467 8
2305 2688 8
975 1841 20
3675 397 8
1984 3632 16
3306 1521 16
3662 577 14
3432 2168 10
3205 109 18
1239 3048 16
2826 3109 18
519 245 13
1892 2412 8
1922 1264 9
3200 1914 5
3204 1473 15
2978 959 6
3408 2414 13
2746 2037 18
2539 4046 11
1555 75 6
1014 384 13
4030 3006 17
2667 3211 17
338 1781 8
2200 1646 20
2197 351 7
150 851 7
1492 2988 20
1210 1469 16
2439 3597 11
3766 2866 18
3634 922 14
3364 3250 9
3217 1583 18
3386 3154 8
1544 987 5
3822 880 16
3832 79 10
1654 1623 11
2133 3306 13
1815 2690 17
2518 3625 20
1573 2968 16
474 355 10
2753 671 13
334 2407 8
1552 3334 5
3760 969 13
2118 1385 10
1513 2256 16
3010 1528 10
1426 3319 5
1997 2993 6
1668 3524 8
2261 3058 8
400 3766 7
3274 3802 17
376 2973 15
215 1572 15
1080 1478 11
2758 218 5
1662 2981 7
3617 3676 16
1591 154 9
2506 3135 15
548 276 11
533 1686 15
3730 2112 16
851 931 7
1188 234 12
1505 3952 6
492 3615 6
614 3518 18
2047 3066 20
2998 1709 6
336 3212 10
1914 2337 6
955 3898 8
4023 398 6
1813 2928 15
3084 3206 13
2127 21 17
3827 723 12
3298 1113 5
1272 2875 8
2333 3939 11
3973 1683 11
1394 1359 19
2215 2467 14
1273 913 20
544 4020 19
3174 3581 14
218 2215 9
1698 3525 5
3487 834 10
3621 3360 14
572 2716 7
1441 286 8
437 3016 7
1178 423 6
62 3356 19
1437 1542 18
2145 478 20
3166 2175 14
1907 265 8
1165 474 6
1371 83 11
676 1438 20
1598 2565 8
2940 1532 13
353 2864 8
1557 2145 13
1597 3842 5
1580 3700 16
1019 4024 16
521 1591 17
803 3950 5
291 920 9
3379 1483 17
2761 2652 8
74 2002 5
1123 2660 7
1235 341 5
549 2571 13
351 2927 8
454 1447 16
2770 799 17
1515 441 6
3181 3341 19
2115 1267 10
1857 2572 19
3051 2974 13
2964 136 19
2873 672 16
2096 3465 13
3673 127 16
1824 908 8
2651 653 8
2961 1614 8
2272 1570 10
50 1814 17
2301 1456 16
2245 654 16
3225 3447 7
810 1606 12
2465 1089 10
1690 345 6
1393 3714 17
2603 3400 17
1641 1539 11
476 3608 20
797 456 13
3210 1057 6
2647 3947 18
475 1730 14
1906 1150 7
3955 3337 17
3037 3961 14
3402 326 7
434 2382 5
1809 650 16
2147 2318 6
3119 633 12
1651 998 13
3377 352 19
1088 3411 5
102 1944 18
485 2884 17
3466 1655 17
1909 3512 15
2629 966 9
3849 3509 12
2542 3467 18
494 2323 14
2512 1825 5
1311 1995 19
3747 2717 19
3666 3631 5
895 1915 17
2015 2855 5
2143 1802 18
3196 1294 8
2061 3855 11
2014 766 16
1038 445 9
917 1477 17
2286 1093 7
3101 3497 19
1603 2707 12
997 2871 12
2883 986 10
3538 2484 10
2079 19 17
3754 378 13
598 2183 13
1380 3988 18
1592 705 19
4004 1459 13
3790 3445 18
3133 2465 15
2146 343 18
2164 2616 19
3647 3407 8
161 1475 7
2572 2801 11
1803 809 6
1266 1101 19
3339 2250 5
616 1811 12
946 622 17
2544 432 5
3276 3017 11
21 3315 11
3581 3976 6
113 26 13
582 1235 13
2834 1062 15
2852 2518 5
3139 3369 19
2856 2347 14
2011 2889 18
3554 1546 15
2054 3751 6
1919 905 12
1538 112 9
3906 2540 20
2316 1779 15
3236 3612 6
2184 1448 18
320 3566 10
271 3992 17
2627 1171 11
2074 1040 17
1852 1971 18
1545 1981 17
224 2255 10
496 1131 5
2100 1667 14
2412 2448 20
732 1753 9
1227 2679 16
2080 3271 5
159 3980 18
1454 2056 8
2213 630 14
1116 156 6
2149 1079 19
1051 365 10
3112 1680 14
1748 1337 20
1054 1006 11
3774 874 13
1672 502 7
3897 3780 19
426 617 15
2590 3896 9
844 3620 6
2792 893 6
156 2063 16
3690 3410 15
1665 1323 12
2601 50 6
2837 2486 15
2863 2902 5
1156 3885 8
2426 3813 20
1408 3455 5
1611 3343 19
2745 2795 7
2805 1401 9
3273 1176 14
1338 990 15
92 3573 8
225 3554 10
993 3490 18
4037 1241 10
2941 44 17
1301 1379 82730
1422 1618 10
2905 2664 18
536 1565 13
3864 1977 20
3966 2122 19
1680 2938 20
242 369 13
293 3983 14
1388 611 6
1531 563 13
2445 1148 17
1122 2989 19
1675 511 18
3560 3630 19
1811 692 14
3256 3923 12
3602 887 6
2520 3736 18
2195 153 19
2 3681 20
3178 1693 14
1562 4039 8
317 594 7
1275 741 19
890 3484 18
660 3416 16
1796 2755 13
2113 2359 20
1941 3663 20
3518 2491 9
2926 4045 5
1569 3545 17
3669 2417 19
3868 3480 6
298 2614 15
592 3321 18
2815 1761 5
1894 1184 11
3362 446 19
1710 2549 9
3846 3646 13
2991 804 13
1584 3678 10
2187 131 10
2193 2721 14
1152 890 13
1467 658 9
3861 43 20
3291 2310 7
3543 3004 18
2026 2845 13
2954 3622 15
1252 202 16
524 2340 16
980 3007 18
3841 2045 16
1372 993 16
850 3311 18
1435 3261 11
3923 93 20
2460 1143 14
3470 3033 15
3779 925 19
933 2733 18
403 2410 20
3183 1573 15
2175 1422 20
3500 70 20
3734 3629 19
3545 3535 7
3789 1375 11
144 870 17
1870 2737 20
1230 1320 5
552 595 17
3806 629 14
1854 1568 9
3859 3717 19
3905 3479 11
1398 450 13
679 3591 8
2715 1061 7
1855 105 20
657 2170 7
3129 4027 15
1856 2435 20
98 3124 17
3294 3785 10
34 1246 7
1624 3600 17
759 813 12
2119 989 7
1096 1278 5
422 297 15
3881 1157 12
1280 3846 13
2494 2000 16
3151 2536 5
2613 2798 12
212 918 20
951 2427 6
3095 1892 5
1204 2644 16
1730 2193 13
3208 3586 9
1759 2846 7
3400 2982 12
3891 623 20
1008 25 20
3405 2772 10
2456 1288 11
412 3488 20
3777 1589 6
3924 2650 8
1567 3623 6
3716 1854 5
2306 784 16
1313 2201 9
1237 1253 14
2922 58 20
2585 1189 15
3561 1713 20
2266 514 9
2723 981 18
1519 2408 7
4044 2816 12
2918 3730 10
3304 1673 17
1232 1262 16
2170 4000 14
2048 1574 19
841 2806 12
3229 1557 10
172 3540 18
2923 1433 15
2075 843 20
713 2047 8
628 360 7
439 532 16
3493 3396 7
4018 558 19
3887 2198 17
2915 2882 6
1504 2227 11
3976 704 14
2660 267 14
1304 1138 10
3739 1585 9
3227 2073 14
2084 116 14
1184 1651 11
18 2406 8
3885 2130 11
361 572 20
1377 38 16
3415 4006 18
766 2401 8
2264 3295 18
3732 3068 8
2736 1408 5
740 3374 17
3616 2070 5
2595 2978 11
2927 1364 14
2899 2059 16
3698 1336 10
3335 466 8
2408 1812 17
3114 1805 9
3685 2371 8
2427 4035 6
1090 4033 20
2060 2829 5
461 1662 19
2447 2841 17
2292 2751 9
2094 472 17
1755 3496 5
1812 715 11
2936 1938 15
2247 3122 18
3424 100 17
1164 408 5
3011 2226 18
3657 862 16
1816 1757 16
107 2778 11
472 1032 20
561 1134 14
3081 2782 10
2248 2499 7
928 1325 19
238 123 10
415 1691 5
1646 3129 7
1553 2296 14
2414 3599 8
3573 1550 8
367 437 9
3004 2474 7
429 16 18
2700 1830 50373
2565 904 9
1924 2685 13
387 1449 13
1998 3003 12
1086 2667 18
2022 681 14
2661 1106 8
3462 1845 10
866 3012 17
1556 1107 7
3123 2212 12
487 2493 19
2434 1765 11
559 2626 6
2778 3227 20
2633 3146 10
2368 632 9
3417 842 13
3 3119 16
623 2919 8
1728 3192 9
3964 3970 7
2244 3486 15
1561 2550 15
4002 1815 8
2473 3020 19
3642 762 5
1897 2281 13
2607 747 5
20 34 9
704 1403 12
180 59 20
3707 346 11
700 2674 14
4032 2711 6
2510 2945 7
1449 73 13
3729 2445 5
1879 3141 9
1521 2699 17
2698 3310 12
1341 1390 15
1631 1180 15
898 3187 18
2116 1252 19
3990 3636 12
1409 3823 17
3121 162 19
2227 1988 17
934 3282 17
855 3606 18
3492 3375 9
2516 2715 14
882 2285 17
247 361 6
2194 554 7
728 348 15
3172 1092 11
1220 2217 8
2392 1269 19
2152 3565 11
197 711 19
2696 2109 13
1000 1499 20
3149 1506 8
2979 2722 19
837 3874 11
465 2110 18
3759 52 17
3542 2908 6
575 28 6
1379 9 15
1593 3888 7
641 3373 9
2172 1696 7
931 939 20
2689 3159 9
3797 756 17
2929 2647 19
3020 289 19
2993 763 20
3459 1221 7
155 1291 15
2017 2658 17
1127 1706 20
1674 1752 11
1506 1299 8
2670 2508 10
3699 2163 14
2794 3596 18
3915 2843 9
2655 1110 5
714 2692 10
223 533 9
2265 1094 17
375 3056 6
274 2487 9
141 2842 7
1890 444 7
774 1862 17
2046 2759 7
202 3478 9
3388 2035 9
2254 590 15
2914 3739 8
1944 187 18
3035 701 9
2223 698 14
1866 3485 9
1886 322 7
343 1425 13
1085 3296 15
3329 3164 17
2673 2929 14
479 2949 15
2101 2814 9
3465 1665 13
2530 1956 8
482 1396 18
4000 209 9
2831 3197 19
1518 3190 6
1113 906 14
3908 3703 16
3686 1643 20
4028 1271 9
3249 2880 13
2634 2010 6
1774 1910 16
2347 1055 13
1187 2742 20
865 2365 6
2095 1751 15
1347 1547 14
37 3153 20
3845 1880 13
1616 406 13
435 3624 6
344 2405 20
872 1258 12
1263 2620 20
635 1173 11
1093 2446 9
1542 586 8
1575 3392 12
499 3582 11
1594 1619 11
2524 3169 13
1931 2870 17
0 3234 18
2696 2295 454
1140 3699 11
2089 3045 13
3314 1844 18
1797 2739 17
2105 2853 9
2850 2244 6
3201 2019 14
3665 889 9
3578 137 15
2260 796 19
250 1339 5
2925 379 19
19 3634 19
650 216 5
1083 2097 13
3536 200 9
2339 2931 12
3262 732 18
565 3226 12
886 1978 10
2129 2710 19
1965 2839 16
1740 2894 16
386 3050 13
2733 269 19
3884 1490 10
1418 2475 6
2521 3929 19
2029 1731 6
1608 242 20
1130 3116 18
41 3685 12
1207 3436 20
2662 3039 10
3756 2589 10
3510 523 16
3871 1232 5
3960 45 17
2666 769 18
1659 883 10
3246 1715 13
1253 2704 15
2772 1332 12
3644 1531 10
85 1109 13
1607 2483 18
3358 1694 5
3048 2651 5
455 2111 18
2788 3671 12
292 2018 20
2620 2084 15
2093 2956 18
1407 2225 15
379 2709 16
27 2393 6
2906 190 5
674 3462 7
1226 1363 16
1286 2596 17
1134 2847 20
952 192 11
45 2582 9
1587 1996 18
1068 1708 5
1623 3165 5
887 1070 16
3816 752 7
686 1261 12
167 3314 5
4007 3564 14
621 3633 13
2668 1170 20
1746 1737 6
272 3438 15
3978 2886 6
1926 1035 6
1077 1281 9
3865 0 8
2433 2966 7
2251 2642 17
834 2272 7
2638 496 7
2508 3637 18
1688 1998 15
2995 430 12
912 2265 10
1006 288 8
2025 3616 10
3870 706 19
3105 3371 19
974 2054 12
1921 1775 11
95 10 17
55 3742 16
1401 4023 5
1782 1952 10
950 1698 17
497 3417 13
3529 3289 16
3125 46 12
2315 2863 20
2430 1625 19
2211 2891 13
1484 772 16
570 1598 12
2278 552 13
3230 3650 13
2985 1020 7
2618 1719 10
200 3259 8
3293 121 18
1872 3136 14
1877 2552 8
2395 3216 11
1799 3555 14
1970 1530 15
3215 3553 8
2253 663 18
3169 500 10
1159 3995 17
1751 3246 18
3833 3270 16
243 2398 10
2974 3914 17
3745 76 17
4033 3038 8
2449 2423 13
483 3507 9
1405 725 86356
3795 2290 6
253 460 12
3598 33 13
2529 1688 16
97 1895 18
504 485 9
1888 257 11
2803 124 16
2236 1819 20
3237 2791 7
2681 2718 13
2871 2267 5
3810 3005 13
1087 316 7
2360 3075 17
84 2970 19
488 1702 18
2711 1236 19
346 338 15
2091 2083 16
2344 1205 13
110 857 8
2131 254 7
2431 3830 17
2154 451 18
2751 1772 7
2269 2053 7
1331 2948 5
539 849 14
341 3749 10
2159 3594 13
819 967 7
3451 1672 13
734 1684 19
3370 3943 8
1101 647 15
659 522 13
2135 2328 7
3633 1381 9
1644 2873 9
3047 3077 12
2669 2821 20
332 2580 16
1920 1307 20
540 3071 13
2476 1922 17
905 1652 18
3069 1321 8
2396 2683 15
940 2077 19
3461 3527 20
1321 1257 17
1661 1248 14
310 996 8