138 242 31
8 8 15 20 1 1 12 8 6 27 16 8 4 17 21 1 6 11 21 2 19 7 0 24 9 10 25 29 15 27 12 24 19 30 15 3 14 28 4 7 26 0 28 10 22 27 8 14 12 29 23 10 24 17 0 10 26 0 23 25 2 2 25 20 7 29 17 11 23 13 11 14 23 2 9 21 22 5 29 18 3 19 6 22 9 2 21 13 30 10 26 3 0 13 18 5 3 30 12 28 16 26 20 24 15 13 20 19 6 17 4 11 16 22 9 18 4 30 5 3 7 11 28 4 25 14 1 7 5 27 6 1 13 5 18 16 9 12
3519 94 18 133 |  > 
5047 11 3 4 67 81 104 82 49 117 75 128 37 135 7 112 | 101 159 39 133 170 176 186 76 23 7 17 178 128 67 69 81 112 11 241 137 216 211 93 55 183 94 136 53 165 60 155 > 
3810 111 134 122 25 107 | 219 64 62 89 109 54 216 114 233 218 > 
577 90 59 70 44 89 119 122 8 47 | 191 89 105 88 38 63 110 216 64 107 18 96 150 55 148 81 53 94 84 80 163 196 > 
4615 42 62 137 108 111 8 34 97 37 | 72 197 42 151 188 58 23 149 177 100 111 182 65 164 217 193 232 145 183 212 88 9 227 150 208 104 233 70 206 158 140 17 > 
5956 43 135 67 76 120 24 59 108 118 41 54 136 37 | 203 69 46 178 108 73 227 40 117 72 91 109 36 111 145 0 88 165 136 156 131 42 144 214 > 
6178 56 93 112 45 17 9 122 81 20 29 7 73 104 | 159 230 41 88 9 140 3 50 212 19 236 45 182 128 54 127 53 119 151 234 > 
2918 84 55 39 38 43 33 104 57 134 96 |  > 
6287 114 55 126 95 26 109 | 80 199 34 18 178 218 109 89 83 78 240 223 216 134 130 125 69 47 206 236 180 167 225 179 172 66 > 
9641 87 110 29 106 81 128 46 25 120 21 1 80 126 32 112 |  > 
7062 131 74 37 30 27 79 | 50 143 102 198 157 166 1 232 47 234 19 174 > 
347 110 23 74 83 10 115 19 2 127 |  > 
999 6 63 98 110 124 116 102 77 | 209 121 155 151 71 226 4 229 231 199 133 20 189 77 208 172 132 154 44 191 152 > 
9970 58 41 19 83 88 24 35 124 31 123 44 15 | 137 154 > 
1379 52 34 12 24 29 121 116 21 65 136 95 103 48 25 |  > 
8710 69 56 44 98 128 80 131 11 10 114 95 34 122 | 124 220 215 171 58 24 97 190 165 68 27 28 227 201 160 232 40 36 225 151 96 127 197 75 120 114 12 161 53 67 > 
6651 54 39 118 37 42 7 3 40 45 19 92 130 | 9 179 199 82 160 119 105 53 183 80 241 11 83 48 209 195 114 172 111 90 190 31 132 175 84 152 77 87 143 222 232 164 124 227 85 25 > 
9315 68 127 21 136 97 25 5 78 | 218 240 35 192 65 154 210 226 63 > 
4159 7 17 36 124 109 22 88 30 49 |  > 
5552 4 45 57 5 7 61 19 | 166 78 44 71 121 103 63 187 169 150 8 203 109 186 5 132 11 131 40 218 220 178 28 43 226 210 158 123 > 
2965 137 0 56 113 54 7 46 136 63 21 14 45 | 62 93 113 177 154 44 155 138 101 208 89 187 179 23 71 176 195 184 213 > 
2213 13 97 28 21 50 124 36 102 95 34 79 103 35 19 77 | 83 13 80 103 75 65 135 178 32 189 68 218 8 40 191 99 73 22 70 44 194 35 219 43 111 71 63 79 26 188 160 15 50 89 > 
4664 26 34 125 126 55 8 89 25 119 137 98 37 27 | 70 172 > 
2501 122 121 123 134 74 |  > 
3823 75 115 127 131 120 134 55 68 116 52 64 3 | 207 176 137 140 20 21 193 155 229 170 187 205 116 90 32 83 23 232 66 95 17 41 230 132 76 36 215 149 177 154 225 94 235 54 122 39 55 113 > 
8557 120 75 11 93 70 123 12 24 127 126 22 25 122 81 | 220 205 93 166 174 132 123 70 98 11 113 0 225 14 105 50 9 117 66 193 112 6 233 13 236 79 29 161 168 194 143 90 86 142 180 172 152 106 37 > 
4358 104 135 110 134 38 109 124 28 14 |  > 
3379 125 37 82 6 71 | 127 210 10 233 173 103 193 228 125 177 214 129 172 89 164 30 97 57 232 207 112 194 106 227 162 104 144 55 135 219 59 167 230 > 
1333 33 85 57 52 53 72 109 122 60 46 102 96 61 |  > 
7551 57 106 117 131 101 |  > 
1087 41 50 33 9 6 105 12 30 3 |  > 
7583 96 16 104 116 65 | 62 163 164 102 115 50 20 23 131 4 112 191 60 152 15 24 81 63 90 36 70 92 73 170 28 185 228 97 1 205 108 179 122 21 91 100 113 > 
9664 61 104 48 4 130 55 28 69 15 41 | 6 174 114 52 61 159 98 > 
7032 77 72 86 97 46 121 124 32 41 33 127 101 88 134 112 |  > 
4668 106 44 58 16 85 130 |  > 
5788 92 5 22 96 117 9 51 101 132 113 |  > 
3000 9 63 135 23 134 112 11 26 6 36 88 76 |  > 
8119 97 66 65 116 108 |  > 
384 76 135 7 40 127 113 132 95 116 110 70 66 |  > 
2396 8 41 123 86 20 82 55 37 9 70 0 96 | 222 240 46 85 116 239 48 148 212 134 180 108 > 
2993 87 44 111 21 13 73 24 91 2 123 43 |  > 
9007 137 28 40 16 36 129 88 3 10 104 25 63 | 138 70 > 
5256 68 46 98 118 9 136 35 14 5 69 24 81 | 45 239 145 69 43 114 78 165 89 174 135 198 36 > 
7727 7 71 135 20 109 111 126 | 89 168 117 91 4 7 59 > 
1432 57 93 10 32 51 97 65 98 | 197 76 176 71 92 58 201 202 > 
1469 63 75 136 68 99 17 |  > 
8822 55 0 21 90 112 50 20 91 46 34 84 81 69 85 |  > 
5838 24 16 15 130 34 83 | 126 159 209 26 84 132 220 103 94 227 65 16 119 198 110 169 139 148 210 204 134 83 162 233 20 236 71 138 199 178 156 175 77 143 37 183 32 > 
5284 1 114 88 124 53 12 63 46 |  > 
3734 56 63 80 69 21 51 99 |  > 
8153 62 48 121 34 120 15 38 92 128 96 98 88 41 30 |  > 
9936 0 65 45 116 129 87 95 93 14 136 | 96 121 77 109 188 14 168 122 223 161 159 191 221 17 124 22 52 224 189 202 172 119 13 4 205 145 24 114 143 > 
7369 85 55 62 39 71 92 | 45 227 50 240 203 48 39 141 13 143 212 182 96 11 180 17 37 > 
4641 111 10 118 101 137 |  > 
7753 29 108 98 116 130 65 128 136 12 | 69 160 238 107 211 173 126 40 216 73 0 121 124 130 144 134 218 229 201 158 156 142 62 239 50 25 > 
251 66 15 39 48 69 97 83 72 | 95 169 38 108 74 149 82 165 124 186 25 83 14 3 172 24 13 16 135 112 78 188 127 179 173 129 1 152 199 63 189 139 238 116 79 53 183 216 > 
404 8 108 101 130 134 19 17 1 44 28 50 75 3 |  > 
9480 78 88 97 98 73 66 121 2 39 105 68 | 3 31 203 39 66 114 134 228 147 107 148 99 169 > 
768 99 70 3 130 47 49 15 91 93 12 64 116 56 |  > 
9240 42 51 100 80 31 105 68 | 13 175 115 143 106 183 156 149 73 169 227 160 5 142 > 
9586 100 126 121 30 123 135 95 22 110 56 78 |  > 
7115 21 111 122 127 44 67 136 115 63 129 4 10 82 83 98 | 66 38 12 222 122 14 147 9 75 > 
8328 83 28 86 38 130 111 99 88 104 69 50 128 | 149 182 232 100 151 122 206 167 207 132 7 47 21 105 225 121 192 197 180 220 210 > 
8865 98 39 88 23 24 69 134 0 26 | 83 105 158 155 40 123 174 7 162 230 229 5 205 210 129 189 122 172 165 62 18 141 235 149 87 46 13 20 0 90 206 26 177 218 224 135 181 > 
7922 82 115 132 98 42 46 0 36 74 38 7 |  > 
444 50 98 3 85 80 54 134 32 97 72 112 37 | 25 61 49 89 99 220 13 84 125 47 103 21 213 32 22 168 59 194 72 113 152 222 33 180 130 34 195 112 230 232 192 108 > 
4150 122 71 11 49 42 119 27 77 31 108 26 5 | 201 146 222 111 47 175 34 79 196 241 43 168 205 51 121 204 219 58 74 29 184 45 191 7 56 218 31 161 113 > 
3761 75 30 42 65 25 102 100 0 70 28 108 | 45 206 25 13 154 94 114 16 108 150 128 145 98 > 
9534 66 42 114 93 116 81 | 26 202 > 
9182 92 32 119 12 93 76 31 90 |  > 
1003 57 6 48 41 67 84 50 0 55 22 59 122 | 128 88 50 127 168 100 197 52 222 203 85 39 162 192 78 209 108 24 181 98 7 212 55 177 75 106 125 0 173 202 226 223 190 58 43 63 80 > 
1972 41 49 98 3 10 | 54 232 8 23 87 112 206 139 241 100 146 137 41 113 30 176 215 73 162 66 233 82 86 93 74 226 25 97 122 19 72 20 21 181 155 119 > 
5281 23 15 61 74 109 |  > 
2292 0 16 134 102 128 39 124 56 71 68 42 52 |  > 
2166 86 40 103 41 120 13 124 98 35 62 21 15 11 104 101 | 17 193 118 77 21 194 107 28 67 221 151 11 80 116 139 177 84 53 218 142 5 103 44 20 101 62 68 54 42 37 > 
7522 101 34 92 129 79 |  > 
6390 76 107 80 60 81 118 10 15 30 26 99 101 114 | 134 73 195 151 18 231 184 14 205 173 22 43 192 37 168 > 
3400 64 78 54 129 87 119 134 | 131 156 1 38 180 31 22 47 > 
6708 17 121 101 135 81 43 108 136 26 |  > 
1171 28 96 116 44 6 80 125 56 1 35 70 | 239 > 
7256 49 10 125 37 112 93 111 68 | 39 1 200 33 169 71 204 137 170 185 110 37 214 104 175 125 222 69 122 95 201 21 83 79 234 151 150 > 
3409 98 56 78 53 70 4 87 79 50 77 |  > 
4122 136 103 79 75 6 34 110 38 106 88 59 63 |  > 
4930 16 42 54 57 113 105 127 82 53 | 44 104 4 29 31 240 128 233 > 
6415 88 72 9 79 87 47 136 121 |  > 
4884 67 22 62 28 86 | 205 156 132 210 237 68 111 40 46 > 
941 130 119 123 136 14 85 132 7 87 12 62 99 127 |  > 
2114 36 129 30 48 29 28 63 12 85 19 118 2 98 |  > 3 24
3440 30 62 72 26 42 134 14 23 103 |  > 
5746 12 114 80 13 126 124 119 38 20 102 135 61 123 41 30 |  > 
7797 123 127 116 93 129 | 39 84 4 197 240 190 1 > 30 9
553 34 19 21 67 122 82 111 87 | 122 238 187 3 84 193 182 15 33 129 170 37 134 79 237 34 21 17 > 10 59 12
8000 124 19 134 129 56 85 12 97 121 60 123 84 89 | 82 127 176 233 > 
8018 123 76 44 14 55 70 15 106 86 69 12 74 |  > 
85 131 23 130 112 114 11 3 | 181 187 149 160 212 105 > 
924 121 103 14 135 2 | 179 18 177 85 50 135 183 173 33 10 42 > 
7571 100 131 76 45 11 13 90 | 61 141 53 15 187 45 > 26 27 75
7148 5 55 66 87 33 70 11 |  > 4
1563 118 132 83 39 8 136 33 101 89 17 45 57 23 124 |  > 
1008 7 48 83 26 42 |  > 
2557 70 63 0 1 85 28 10 52 38 61 | 187 113 186 171 218 202 82 135 238 118 234 45 164 217 213 214 231 54 31 107 101 98 111 0 237 > 
2366 97 101 119 59 92 61 54 69 91 62 113 17 122 | 24 84 102 201 178 57 239 82 85 133 116 193 7 162 87 99 79 171 122 170 41 70 123 210 213 26 231 199 > 
5838 96 67 12 109 66 55 136 64 36 16 132 | 45 16 220 181 15 23 111 33 120 97 53 175 146 240 61 115 119 241 206 75 24 179 42 > 
5400 82 43 134 100 86 115 109 | 169 82 116 12 151 167 87 > 31
5023 90 77 99 65 134 101 20 130 41 | 169 164 162 70 231 197 > 15
3627 115 57 125 35 61 20 32 75 29 0 83 | 176 144 1 136 16 86 114 145 51 240 89 209 169 130 134 175 27 205 241 204 215 229 14 165 65 150 174 26 106 > 
4267 68 41 25 1 4 73 23 50 71 100 127 | 117 185 172 90 111 74 186 155 8 224 > 
1668 13 37 25 70 14 84 137 73 |  > 
9531 81 55 91 32 38 108 123 86 17 112 21 130 | 11 61 70 200 73 105 224 94 77 40 234 133 150 206 230 44 189 83 85 217 124 185 67 98 104 151 110 241 188 201 29 > 57 75 19
8775 70 11 132 84 82 66 71 15 42 97 | 153 108 9 239 187 34 119 212 97 125 223 114 83 57 133 35 101 234 64 208 4 39 > 23 12
6800 55 54 74 98 42 131 66 80 50 |  > 25 75
2069 31 132 47 16 83 55 90 | 7 149 133 29 65 70 41 91 152 100 145 195 46 5 80 214 212 182 90 235 31 61 222 71 56 99 89 237 239 > 19
8627 101 97 9 84 80 61 132 | 81 152 96 32 125 136 211 76 130 110 79 228 150 144 205 54 9 108 97 201 75 174 84 237 42 88 128 > 0 95 83
991 79 78 5 6 41 136 132 127 37 70 100 82 35 |  > 
4788 134 42 79 30 113 132 125 64 73 28 46 26 6 | 159 2 111 205 194 121 > 
5662 87 8 135 129 60 | 182 146 232 16 123 219 208 133 83 121 64 106 84 141 120 223 203 132 202 31 20 94 29 39 222 79 59 167 187 129 238 215 184 97 69 161 75 9 > 
2460 47 1 69 132 107 39 |  > 
111 15 106 93 76 74 134 61 105 116 101 29 95 53 |  > 113
6340 73 7 125 81 23 118 95 66 53 13 135 |  > 77 50 45
6614 65 47 137 109 39 22 24 69 73 43 | 230 141 100 5 90 82 39 175 155 198 108 112 38 15 227 32 150 54 111 73 12 195 93 148 224 37 229 189 40 160 65 20 205 59 171 153 46 44 197 27 > 99
2570 104 132 42 19 74 0 43 56 20 5 69 60 | 180 162 201 234 67 15 203 172 238 48 > 
5575 66 53 128 0 113 |  > 26 45
7633 25 93 77 78 111 29 76 123 131 135 108 91 107 |  > 
9880 116 48 26 126 4 124 72 3 58 96 28 130 9 | 178 59 114 215 84 58 71 27 31 0 208 163 143 165 40 105 90 225 98 176 37 73 148 30 202 95 68 11 32 61 223 159 210 227 228 82 129 > 
9125 1 67 70 114 45 91 123 119 4 26 3 | 8 7 107 112 88 72 103 153 76 135 224 86 164 191 146 36 184 37 122 183 126 > 
1296 80 61 34 65 104 38 |  > 
4607 112 3 136 6 86 70 24 14 76 | 127 105 71 68 76 96 179 195 201 57 90 97 8 70 232 > 60
7127 16 22 28 108 120 102 137 |  > 
5831 131 121 24 32 116 58 125 39 23 12 102 |  > 
8287 129 23 132 25 128 | 7 103 14 142 185 131 75 238 141 6 > 97 105 48
4142 83 38 9 137 66 64 80 26 65 69 20 98 |  > 19 128
9905 70 90 91 9 72 39 99 49 33 101 |  > 95 72
6979 35 99 116 77 41 43 135 27 21 47 | 212 188 2 200 107 191 101 55 152 137 62 13 169 185 205 130 98 102 241 51 171 180 81 116 118 206 240 125 27 124 50 126 207 162 80 56 40 > 
8752 2 8 79 122 135 129 91 6 127 58 92 36 11 128 | 147 70 110 220 61 84 76 109 130 69 208 49 88 159 46 77 40 129 86 83 30 183 117 157 197 211 48 7 143 182 35 162 223 121 132 > 
8247 12 109 10 31 39 25 117 134 111 | 126 132 235 11 197 7 94 230 238 155 66 136 39 122 218 174 0 220 214 140 65 100 92 207 21 > 50 45
7088 71 50 98 0 120 49 36 | 183 89 113 198 170 114 20 209 239 64 184 > 85
2796 59 55 47 30 122 101 95 | 227 105 62 138 131 239 188 123 31 45 118 23 16 42 27 226 17 235 65 98 > 
6159 22 47 108 98 43 135 134 | 3 32 194 93 80 226 74 49 235 151 31 232 44 183 195 198 19 > 106 55
8204 81 76 23 114 25 108 47 89 16 54 31 105 56 | 221 182 230 177 148 201 43 137 214 3 97 180 203 194 160 124 133 167 42 188 82 33 96 130 109 161 146 > 7
3694 132 56 5 58 55 107 54 45 13 | 156 190 186 27 165 119 117 240 103 63 221 174 54 > 132 88 53
1840 72 130 44 53 26 42 59 40 75 76 128 49 83 47 23 |  > 127 43 75
1008 29 81 4 112 90 104 17 39 119 58 5 37 7 107 6 |  > 
7556 128 0 87 93 44 17 74 104 55 117 24 71 21 121 8 | 195 40 10 63 13 7 153 29 131 190 145 208 231 171 > 
3867 30 110 19 59 120 | 239 138 173 86 207 226 14 76 206 63 41 9 5 172 74 115 186 171 38 129 216 203 > 93
5897 38 9 35 67 129 123 128 14 50 82 116 | 184 80 101 52 38 170 109 67 95 241 237 23 99 228 209 72 139 173 172 42 203 214 190 5 15 > 
2579 24 113 136 87 84 30 16 22 63 65 | 90 94 3 93 23 105 99 117 25 17 31 53 239 97 64 > 106
9467 102 90 22 77 93 | 101 158 184 150 67 145 230 133 218 212 162 31 2 132 86 168 7 55 18 118 169 27 57 139 223 19 151 47 138 231 25 197 211 183 22 97 226 164 > 107
4916 132 95 74 104 113 42 0 43 26 |  > 75
6223 77 44 82 83 6 65 62 71 |  > 
6967 34 130 129 44 69 131 | 206 142 151 134 167 148 86 19 155 91 53 11 81 > 
1628 109 28 134 52 25 27 36 124 41 60 46 47 120 123 33 |  > 
6430 10 46 45 0 75 128 26 92 104 56 |  > 
6182 7 32 88 16 77 35 108 119 65 78 29 136 |  > 
1652 6 116 112 114 105 87 61 | 120 51 54 171 55 19 39 6 > 
7268 137 65 107 97 45 77 64 | 74 146 231 189 162 202 49 218 37 0 205 109 141 56 > 
820 21 27 109 28 74 122 73 34 44 50 105 38 69 | 49 70 159 117 138 146 173 44 175 174 68 82 3 238 108 152 212 55 37 239 89 127 > 
6695 30 34 86 22 28 9 25 67 116 17 96 63 |  > 
5758 12 28 119 113 88 30 14 |  > 31
815 99 106 76 101 70 84 7 104 115 100 110 73 74 132 31 |  > 83 84
4855 33 73 25 67 119 137 92 115 122 3 128 85 17 88 |  > 
3553 13 76 134 121 80 35 26 28 41 |  > 
9863 85 50 80 42 8 62 118 93 132 45 109 53 28 |  > 
2921 26 113 0 38 3 127 10 135 112 50 | 23 61 94 143 59 213 101 105 32 196 154 145 156 111 39 234 194 121 188 186 84 > 
6905 36 16 49 9 79 120 118 89 23 20 86 |  > 160
8906 9 88 0 117 106 108 41 71 127 100 89 85 |  > 
9096 41 134 55 63 122 123 132 50 4 114 31 74 49 5 | 203 221 152 155 139 132 85 148 201 26 236 99 63 196 90 70 238 215 9 123 32 198 68 88 163 146 37 42 128 11 102 186 119 142 109 222 > 29 43 57
23 105 111 92 52 131 16 55 117 73 86 64 46 13 27 | 49 71 92 149 117 76 52 221 108 97 73 180 86 215 83 109 208 27 184 > 
6191 68 56 116 104 67 80 48 137 1 69 21 44 | 9 24 145 > 
3834 53 135 65 27 102 71 70 58 100 42 43 32 23 | 214 193 85 186 52 160 32 72 104 > 
3779 40 92 77 80 66 41 100 59 93 0 49 108 68 |  > 
6508 84 137 120 75 134 32 66 82 |  > 
8725 61 59 29 102 73 115 86 77 122 65 92 84 103 | 101 24 82 187 131 198 170 86 200 47 150 53 206 136 110 215 2 > 38 45 10
5948 80 40 36 76 24 55 25 62 70 |  > 164
2666 119 50 68 49 99 65 85 64 125 6 104 120 | 151 5 63 87 12 103 91 191 124 22 154 32 60 144 45 198 109 105 79 183 208 219 117 > 
5260 43 22 24 79 2 30 68 120 81 106 108 5 39 |  > 
2159 6 70 21 57 7 115 33 128 77 51 132 | 113 177 77 215 72 17 207 181 166 239 5 84 146 60 143 186 107 211 197 128 4 129 87 135 > 78
3343 76 6 106 134 19 | 180 28 220 231 85 204 34 104 117 223 122 218 153 210 154 8 160 49 201 53 206 193 108 27 12 > 
2123 48 72 101 54 29 135 8 82 33 62 53 28 119 129 |  > 
8825 102 14 75 72 77 65 21 81 37 |  > 
4171 119 38 99 117 59 78 66 |  > 28
8724 1 131 108 15 32 30 85 20 65 70 97 132 55 79 |  > 151
7336 11 137 68 112 56 70 105 2 75 115 132 55 | 145 52 224 110 132 112 241 38 136 82 137 120 60 108 59 214 183 65 195 191 11 222 212 215 138 179 139 134 104 6 143 158 199 57 32 109 83 122 77 > 76 51
684 112 45 93 108 132 | 152 71 110 231 27 82 36 141 0 41 7 40 131 233 153 35 33 17 67 200 160 42 56 125 112 26 124 202 145 163 120 79 28 85 136 > 
7222 34 88 79 124 123 14 128 122 |  > 
2106 60 80 63 114 45 38 | 215 14 219 149 116 33 3 74 > 
8543 25 49 3 123 59 54 79 129 9 7 100 118 75 137 63 |  > 0 57
2846 85 30 136 87 74 50 115 84 36 63 105 9 33 57 19 | 61 85 234 75 86 > 
7289 122 10 5 2 80 49 93 |  > 
2127 43 101 76 41 72 58 17 48 81 33 67 132 38 111 | 18 64 211 167 128 14 116 69 162 199 101 120 189 215 153 7 227 112 161 176 88 > 
1815 92 122 93 83 131 1 126 104 54 72 | 72 79 8 135 57 218 198 75 52 37 140 78 71 143 25 > 
4760 121 27 83 107 40 134 119 125 28 70 123 97 96 131 | 188 147 91 69 45 6 207 232 239 82 36 98 27 165 197 34 148 155 89 130 108 95 66 158 192 230 215 189 123 219 > 
6865 27 136 49 124 131 135 76 102 52 88 60 | 73 215 62 198 84 106 30 43 46 238 188 32 94 92 160 232 128 68 64 170 219 124 165 34 156 183 173 77 121 56 45 235 130 > 65 35 40
1768 117 107 28 61 113 38 112 52 |  > 
6574 136 35 88 87 123 103 36 19 14 51 106 105 28 |  > 
4416 107 11 29 24 120 41 64 38 4 101 | 118 119 57 205 2 165 97 51 145 170 35 23 120 69 150 202 152 28 188 15 107 72 146 158 140 60 173 149 101 > 
4717 51 68 66 57 89 114 35 37 38 6 73 | 208 40 > 
3803 9 90 21 8 14 | 158 121 99 67 154 58 167 225 > 
3836 65 93 49 31 44 43 101 60 97 118 135 86 34 76 102 | 184 28 96 124 182 79 75 160 192 175 143 77 225 188 224 129 102 207 217 100 12 171 203 84 60 199 234 104 69 205 54 > 123
7823 124 98 32 88 41 31 80 46 61 | 170 186 120 1 173 47 32 220 109 96 82 45 230 237 116 70 75 67 210 66 51 171 25 > 
4151 97 80 77 89 115 22 74 2 3 96 83 70 47 |  > 69 20
1340 68 53 4 85 76 31 61 130 72 103 | 192 105 152 112 91 239 71 199 173 203 81 191 189 11 183 > 40 30 8
7088 46 39 123 121 31 71 63 36 120 77 76 127 32 57 66 | 63 228 46 4 154 11 184 28 35 41 37 127 166 97 122 137 168 73 191 115 > 
2012 66 102 44 59 60 112 10 118 77 43 115 |  > 35 8
417 113 112 109 25 73 61 40 87 | 49 237 158 186 > 
4434 81 44 79 132 116 92 33 55 77 49 68 82 75 9 89 | 237 66 86 22 128 63 21 67 57 93 181 3 79 189 55 80 145 170 125 126 95 64 235 98 157 41 134 165 78 129 178 51 34 176 226 231 33 238 40 46 > 203 62
9524 75 58 132 4 106 43 100 45 60 96 |  > 
5345 27 92 14 128 9 87 97 15 12 132 120 75 |  > 106
1783 52 8 135 17 88 9 100 73 95 21 107 129 130 1 19 |  > 0 10
3423 31 84 8 67 15 93 102 105 | 77 112 151 126 56 225 > 14
6600 33 31 48 104 39 54 110 79 67 45 8 35 12 |  > 
8608 101 89 116 11 16 13 111 62 100 0 46 45 53 93 29 |  > 
961 77 60 19 61 59 108 115 84 11 | 137 147 129 212 66 142 181 > 156
9438 66 31 93 2 49 | 16 234 70 111 213 121 83 96 77 30 204 100 161 236 133 117 34 105 42 33 91 215 209 156 > 
4419 72 114 90 0 111 127 56 126 24 124 100 84 115 11 |  > 
3688 52 79 64 124 43 62 59 45 | 15 123 204 53 154 203 212 215 175 33 44 70 122 5 106 217 68 34 149 134 235 55 151 197 211 > 
2320 96 3 78 48 67 |  > 
7784 52 132 44 78 124 97 130 72 36 73 49 119 |  > 27 134 19
8710 88 128 32 24 70 23 30 125 95 |  > 
9114 137 23 20 80 34 5 114 103 |  > 
8972 62 118 83 48 92 74 86 135 | 207 178 148 87 136 80 30 158 22 202 227 1 147 89 128 233 238 86 197 53 115 54 220 210 50 145 92 110 212 18 118 126 84 55 167 215 > 
7997 20 50 32 63 134 0 44 76 36 |  > 
3940 85 70 109 32 93 27 115 | 165 125 190 17 140 79 139 174 76 7 112 29 > 
1042 37 82 97 112 32 | 19 212 96 7 55 238 76 86 197 226 63 24 5 115 203 157 123 89 147 188 44 140 34 38 79 6 192 122 148 66 102 111 201 81 23 90 > 118 120 29
5622 33 82 126 77 74 86 108 28 125 | 187 31 38 162 113 87 41 147 138 179 4 128 217 99 39 201 62 193 5 44 > 
1598 121 68 44 27 36 4 69 11 26 |  > 
8594 15 91 130 108 70 41 112 120 96 73 | 51 94 217 88 0 44 200 19 105 21 72 156 > 
8976 79 37 26 116 13 111 96 23 6 97 72 117 47 | 27 192 154 57 209 61 141 48 96 172 136 68 50 228 8 18 179 221 131 199 74 63 120 39 115 182 187 24 > 
3002 111 64 60 128 59 112 135 71 132 57 116 23 100 | 62 230 218 105 111 11 5 61 21 188 63 127 158 26 55 155 223 6 181 4 169 86 205 168 56 186 138 112 145 48 175 126 122 182 226 194 179 164 190 > 25 84 149
3563 86 78 67 106 46 53 72 9 32 69 122 103 132 |  > 10
1576 39 12 28 43 41 101 | 177 58 77 158 180 165 78 46 134 189 144 7 62 182 1 114 19 109 147 26 166 205 38 50 91 99 132 151 8 172 > 
9254 91 38 107 51 24 13 72 | 106 116 57 188 236 86 81 14 178 199 211 85 12 47 82 113 185 156 169 118 163 239 153 73 121 117 74 36 22 102 130 1 218 186 27 194 50 139 > 
9749 14 79 108 117 125 1 54 68 |  > 
1662 99 41 89 128 102 49 31 132 57 106 |  > 
9272 56 111 16 84 109 72 70 | 176 217 21 235 223 135 96 14 238 140 42 178 25 30 106 99 57 132 125 227 13 86 33 72 136 85 67 98 188 102 169 120 221 > 52
7024 74 0 66 54 43 | 212 198 161 85 74 204 1 6 35 178 > 
2703 44 37 29 16 88 |  > 
1145 77 43 49 114 107 33 29 119 | 32 214 72 97 216 58 127 63 222 150 60 8 226 119 197 203 195 239 191 105 83 > 56
5682 92 120 122 106 56 104 68 20 117 116 | 73 235 219 83 130 102 92 106 239 229 108 64 190 55 97 200 11 43 174 155 230 100 133 132 111 109 2 134 179 65 147 125 91 75 47 222 > 
252 132 117 34 1 79 84 17 42 | 18 75 23 7 136 232 5 196 107 43 74 155 150 102 98 8 31 56 104 210 > 77
6812 86 7 113 54 97 11 15 61 71 64 137 | 46 188 218 241 161 8 165 182 193 187 234 141 52 55 5 11 34 > 132
8920 37 35 50 71 134 25 131 40 90 113 108 24 32 11 | 88 108 157 57 6 125 225 111 196 34 67 164 82 38 92 > 
9261 54 16 49 61 62 45 96 89 26 6 41 74 31 81 47 |  > 
0 11 10 2 3 5 20 18 9 8 19 18 6 11 3 0 18 12 16 11 1 13 17 6 4 15 0 19 8 6 8
11 0 6 17 7 12 5 7 9 4 5 6 17 9 6 7 1 1 8 1 11 3 19 2 17 14 15 12 3 10 11
10 6 0 9 0 19 6 15 17 19 3 9 0 11 20 16 20 14 4 3 12 14 15 15 17 18 6 17 19 9 12
2 17 9 0 11 9 2 20 15 3 16 19 10 5 3 6 7 8 11 9 1 11 10 18 6 13 6 2 19 14 8
3 7 0 11 0 3 1 0 14 1 5 16 11 13 15 8 8 9 18 18 1 1 2 6 17 12 8 20 13 18 17
5 12 19 9 3 0 12 3 2 7 19 13 4 8 10 7 19 12 20 18 18 15 1 1 11 0 15 13 13 13 15
20 5 6 2 1 12 0 4 2 14 14 16 4 5 7 6 2 11 13 2 15 9 2 12 0 15 16 14 19 20 2
18 7 15 20 0 3 4 0 5 6 16 1 15 0 6 0 18 10 4 6 1 11 7 14 9 5 2 7 15 5 20
9 9 17 15 14 2 2 5 0 5 6 7 13 12 9 13 14 14 15 17 6 14 0 16 10 5 12 18 8 17 1
8 4 19 3 1 7 14 6 5 0 5 18 4 13 17 14 12 18 4 0 7 12 16 6 15 15 17 15 15 0 3
19 5 3 16 5 19 14 16 6 5 0 14 9 3 7 0 9 0 5 17 15 11 1 12 9 6 19 5 17 10 4
18 6 9 19 16 13 16 1 7 18 14 0 6 2 7 6 12 6 19 0 3 2 11 18 4 13 10 1 18 1 17
6 17 0 10 11 4 4 15 13 4 9 6 0 2 4 19 2 5 3 18 9 8 9 2 17 2 16 11 9 13 14
11 9 11 5 13 8 5 0 12 13 3 2 2 0 4 13 8 0 13 0 14 14 11 13 17 16 7 12 11 9 11
3 6 20 3 15 10 7 6 9 17 7 7 4 4 0 17 17 19 11 14 4 17 4 20 6 13 3 1 12 3 5
0 7 16 6 8 7 6 0 13 14 0 6 19 13 17 0 11 5 5 13 18 1 18 17 2 17 7 5 0 20 18
18 1 20 7 8 19 2 18 14 12 9 12 2 8 17 11 0 1 3 7 17 5 13 13 15 14 17 14 5 7 18
12 1 14 8 9 12 11 10 14 18 0 6 5 0 19 5 1 0 12 3 5 18 2 4 7 6 4 17 8 8 20
16 8 4 11 18 20 13 4 15 4 5 19 3 13 11 5 3 12 0 9 1 4 15 14 13 15 1 12 4 9 7
11 1 3 9 18 18 2 6 17 0 17 0 18 0 14 13 7 3 9 0 4 3 3 5 6 5 11 7 16 19 18
1 11 12 1 1 18 15 1 6 7 15 3 9 14 4 18 17 5 1 4 0 0 10 7 7 3 19 15 3 18 14
13 3 14 11 1 15 9 11 14 12 11 2 8 14 17 1 5 18 4 3 0 0 13 8 15 15 18 13 8 8 13
17 19 15 10 2 1 2 7 0 16 1 11 9 11 4 18 13 2 15 3 10 13 0 3 20 3 20 19 10 3 12
6 2 15 18 6 1 12 14 16 6 12 18 2 13 20 17 13 4 14 5 7 8 3 0 12 12 4 14 3 11 7
4 17 17 6 17 11 0 9 10 15 9 4 17 17 6 2 15 7 13 6 7 15 20 12 0 13 12 19 6 4 20
15 14 18 13 12 0 15 5 5 15 6 13 2 16 13 17 14 6 15 5 3 15 3 12 13 0 19 4 6 9 9
0 15 6 6 8 15 16 2 12 17 19 10 16 7 3 7 17 4 1 11 19 18 20 4 12 19 0 0 6 12 15
19 12 17 2 20 13 14 7 18 15 5 1 11 12 1 5 14 17 12 7 15 13 19 14 19 4 0 0 0 15 14
8 3 19 19 13 13 19 15 8 15 17 18 9 11 12 0 5 8 4 16 3 8 10 3 6 6 6 0 0 4 0
6 10 9 14 18 13 20 5 17 0 10 1 13 9 3 20 7 8 9 19 18 8 3 11 4 9 12 15 4 0 12
8 11 12 8 17 15 2 20 1 3 4 17 14 11 5 18 18 20 7 18 14 13 12 7 20 9 15 14 0 12 0
554
K 4
C 113 5977
B 85
A 30
C 231 7278
B 192
C 52 6020
K 2
K 3
B 149
C 218 4847
A 52
B 105
A 9
A 3
B 147
C 90 8995
C 72 5657
B 99
C 120 2458
C 19 9623
K 2
C 9 6838
K 4
C 103 1282
C 154 3488
C 230 6204
C 154 7000
A 103
C 9 7704
B 19
B 230
C 30 3617
B 95
C 52 6924
C 30 8544
C 30 6699
C 0 9259
C 52 860
C 30 6816
C 9 661
C 52 1600
K 4
A 0
C 9 2643
C 31 6205
C 52 8397
K 2
C 3 2700
K 3
C 3 2755
K 4
C 31 7989
C 9 6767
K 4
C 3 1918
C 52 8967
C 0 7769
K 3
C 9 5016
C 30 3554
C 0 8855
C 0 1677
C 9 9629
C 3 8153
C 30 3554
C 52 1192
C 31 8750
C 9 3526
K 3
C 52 1902
C 3 3693
C 3 6616
C 31 944
K 2
C 52 1045
C 31 7098
C 30 104
K 2
C 9 5985
C 103 8478
C 31 9870
C 0 5289
C 103 2746
C 0 1051
K 3
C 103 3713
C 30 4744
K 3
K 4
C 52 7222
C 30 1674
C 0 705
C 0 8958
C 52 5337
K 3
C 52 46
C 3 4984
C 9 2845
C 103 4748
C 103 5039
C 103 8663
C 103 8575
C 3 1111
C 103 4529
C 3 5108
C 9 3291
C 31 9201
C 103 8928
C 103 6008
C 3 6364
C 103 7704
C 52 5212
C 0 2135
C 103 9244
C 9 5290
C 0 8107
K 4
C 52 4273
K 2
K 4
C 9 8301
C 31 5168
C 3 2262
K 3
C 3 599
C 103 4508
C 0 4235
C 0 2823
K 3
C 103 9362
C 31 3270
C 3 7669
C 103 1009
C 30 5639
C 3 2207
C 103 4115
K 4
C 31 5043
C 30 7828
K 4
C 3 671
C 52 7388
C 30 4008
C 103 8622
K 3
C 31 4803
K 3
K 4
C 3 3159
C 31 5511
C 3 3469
C 31 3629
C 103 8815
C 0 5581
K 2
K 4
C 103 3745
C 52 1507
C 0 3811
C 103 1418
C 103 34
C 52 5926
C 3 5730
C 0 1499
C 3 4486
C 103 4130
C 3 7183
C 3 9902
C 30 6491
K 3
C 31 8606
C 31 1432
C 103 901
C 52 7627
C 30 3295
K 3
C 9 5364
K 3
C 9 9956
C 3 2397
C 52 9099
C 0 3277
C 9 6006
C 103 2852
C 30 7971
C 52 8476
C 9 4151
K 2
C 9 2390
C 52 2877
C 0 5116
C 30 4562
C 9 2423
C 30 3240
K 3
C 30 5899
K 3
C 103 863
K 3
C 9 2095
K 3
C 103 7423
C 9 3374
C 0 2209
C 3 7179
C 31 6624
C 30 839
C 3 9713
C 31 3241
C 30 210
C 0 1005
K 4
C 9 7803
C 31 4591
C 30 2855
K 3
K 4
C 0 909
C 30 9340
C 3 2025
C 0 1462
C 0 2271
C 3 2814
C 3 4430
K 4
C 52 6456
C 52 1028
C 3 2933
K 2
K 2
C 0 131
C 31 3455
C 52 5914
K 3
C 3 6967
C 0 8184
K 4
C 3 2887
C 9 1434
C 3 2605
C 52 1187
K 4
C 31 3644
K 3
C 31 6314
C 9 5084
C 30 2679
K 3
C 0 7542
C 31 2192
C 103 255
C 0 8163
C 52 308
C 3 9880
C 30 2556
K 3
C 52 6342
C 30 8344
C 31 1781
C 0 8442
C 0 1109
C 9 1970
K 4
C 3 1078
C 3 7924
K 2
C 9 1347
C 30 2794
K 4
K 3
C 0 1021
C 52 5676
C 9 7517
C 52 4615
K 2
C 30 3659
C 31 2466
C 9 37
C 31 9226
C 103 7863
C 0 2711
C 52 7360
C 9 6639
C 30 602
C 9 1164
C 52 3667
C 3 7163
C 0 5474
C 0 2480
C 3 9309
C 31 4326
K 2
C 0 9976
C 52 2391
C 31 2750
C 30 3373
C 9 5347
C 103 2646
K 2
K 4
C 9 6728
C 0 3012
K 4
C 9 6504
K 2
K 3
C 0 837
C 0 6710
C 3 3198
C 0 390
C 9 5020
K 4
C 0 7633
K 4
C 0 2623
C 30 27
C 103 2145
K 2
C 31 951
C 30 3932
C 52 3309
K 3
C 31 2365
K 4
C 3 1942
C 30 6556
K 2
C 103 2449
K 3
K 2
C 0 8277
K 2
C 103 2
K 4
C 9 7478
C 3 8085
C 103 6598
C 3 1465
K 4
C 3 6903
C 52 5259
C 30 88
C 0 1495
C 0 245
K 4
K 3
C 52 2120
C 52 1906
C 31 3696
C 9 9310
C 31 644
C 0 2591
C 9 2951
C 9 4494
C 52 6631
C 3 3850
K 3
C 30 6833
C 3 9990
C 30 9637
C 0 1485
C 52 464
K 3
K 4
C 31 4774
C 0 394
C 0 1626
K 2
C 0 3481
C 3 3024
C 52 8216
C 0 8688
C 103 3492
C 103 7446
C 3 8645
C 3 3224
C 9 9745
C 3 3320
K 2
K 3
C 0 7223
C 103 6029
K 2
C 31 7961
K 3
C 31 3338
C 9 6427
C 31 6218
K 2
C 52 1382
C 31 8603
C 31 8977
C 30 4986
K 4
C 31 981
C 52 1937
C 30 7549
C 30 1195
C 52 9672
C 103 5391
C 3 1388
C 3 1880
C 0 6198
C 9 7433
K 4
C 0 123
C 3 1337
C 52 964
C 103 1496
C 3 1082
C 31 4681
C 9 3299
C 52 4698
C 103 6159
C 3 8085
C 31 487
K 3
C 52 3763
C 3 7833
C 103 1834
K 4
K 3
C 3 4585
C 31 4744
K 2
C 31 9842
C 31 1319
C 30 5299
C 9 2258
C 30 926
K 4
C 9 84
C 0 5574
C 0 4203
K 3
C 9 4293
C 0 3157
C 3 8053
C 30 1516
C 52 4885
C 9 9924
K 4
K 3
C 103 1891
C 103 9766
K 4
C 0 6437
K 2
C 30 8296
C 52 4544
C 9 6984
K 3
K 3
C 31 245
C 103 4976
C 30 4317
C 0 6887
C 52 7410
K 2
C 3 9633
C 3 4012
C 103 7255
C 52 9420
C 52 9146
C 0 8250
K 2
K 3
C 52 9712
K 4
C 9 6962
C 0 4684
C 52 5641
K 4
C 103 9929
C 30 8050
K 4
C 52 8638
C 3 9293
K 3
K 2
C 3 8100
C 9 8928
C 3 5673
C 9 4114
C 0 8868
C 103 3745
K 3
C 52 3243
K 2
C 0 9895
C 103 7703
K 2
C 103 7309
K 3
K 4
K 3
K 2
C 30 1938
C 30 7562
C 30 8562
C 0 9157
C 0 9203
K 4
C 3 9021
C 9 6484
C 0 4299
C 30 788
K 4
K 4
C 103 5422
C 9 7480
C 9 627
K 2
C 0 866
C 103 9317
C 103 3622
C 9 5400
C 103 987
K 2
C 0 2421
K 2
C 0 2777
C 0 6753
K 4
K 2
C 30 1709
C 31 7383
C 0 5649
C 103 7594
C 31 6415
C 30 4823
C 3 669
C 103 6393
C 30 2773
C 31 7648
C 31 3045
C 9 7160
C 103 4159
C 52 6976
K 2
C 3 2205
C 103 9241
C 3 5945
C 9 3718
C 3 5908
C 103 6139
C 30 2224
C 0 3398
C 30 3790
C 30 5384
C 0 2785
K 2
C 31 8824