22 4008
0 0 0 1 1 1 1 0 1 1 1 1 0 1 1 1 0 0 0 1 0 0
AND 3 10 22
OR 3 9 23
AND 8 9 24
NOR 20 16 25
AND 15 17 26
NAND 11 5 27
OR 6 14 28
AND 6 27 29
OR 17 21 30
NAND 14 13 31
OR 12 15 32
NOR 20 0 33
XNOR 17 19 34
XOR 11 29 35
NAND 14 13 36
NOR 15 24 37
XNOR 8 14 38
XNOR 37 28 39
OR 16 23 40
NOR 32 9 41
OR 25 37 42
AND 29 7 43
NOR 24 12 44
OR 37 38 45
XNOR 16 14 46
AND 44 13 47
XNOR 36 6 48
OR 35 32 49
XOR 28 44 50
NAND 42 43 51
AND 10 34 52
XOR 49 51 53
XNOR 5 33 54
NAND 34 43 55
NAND 46 47 56
AND 55 56 57
XOR 43 37 58
AND 53 44 59
XNOR 38 21 60
NOR 6 60 61
NAND 55 54 62
XOR 59 50 63
OR 43 50 64
OR 46 7 65
XNOR 7 65 66
AND 51 11 67
NAND 64 57 68
XOR 66 50 69
OR 51 68 70
OR 62 49 71
NOR 6 62 72
NOR 10 53 73
NOR 60 54 74
NOR 72 10 75
OR 72 63 76
XNOR 57 60 77
XOR 59 57 78
XNOR 69 66 79
XOR 20 15 80
OR 17 6 81
NOR 8 77 82
NOR 67 82 83
OR 63 74 84
XOR 17 81 85
XNOR 18 83 86
NAND 16 0 87
AND 13 14 88
OR 79 75 89
XOR 84 83 90
OR 21 83 91
NAND 76 8 92
AND 71 84 93
OR 85 72 94
XOR 90 78 95
AND 89 16 96
AND 96 84 97
NAND 15 90 98
AND 13 80 99
OR 99 92 100
NOR 12 83 101
OR 1 95 102
XNOR 97 94 103
XNOR 92 82 104
XOR 9 98 105
AND 91 86 106
NAND 93 81 107
AND 14 4 108
NAND 18 86 109
NAND 88 7 110
XOR 107 98 111
AND 100 105 112
AND 111 93 113
OR 12 89 114
OR 89 102 115
AND 87 97 116
NAND 107 91 117
NAND 104 113 118
OR 98 3 119
NAND 14 92 120
XOR 104 119 121
OR 120 102 122
AND 96 13 123
AND 118 116 124
OR 108 96 125
XOR 114 102 126
OR 97 17 127
NOR 116 106 128
NAND 117 97 129
NOR 113 129 130
NOR 117 106 131
OR 125 116 132
NAND 131 16 133
XNOR 132 130 134
XNOR 7 0 135
XNOR 19 4 136
NOR 135 121 137
XNOR 8 118 138
XOR 127 117 139
XNOR 107 108 140
XNOR 3 128 141
OR 114 116 142
OR 120 141 143
NOR 15 17 144
NOR 5 128 145
NAND 128 140 146
XOR 112 0 147
XOR 3 0 148
AND 140 19 149
NAND 19 143 150
OR 146 128 151
XOR 7 14 152
XOR 2 116 153
NOR 8 118 154
XNOR 125 117 155
NAND 134 118 156
AND 148 156 157
NAND 136 154 158
NAND 132 146 159
OR 131 149 160
AND 125 124 161
OR 140 137 162
XNOR 137 144 163
NOR 18 150 164
AND 142 125 165
XNOR 159 138 166
NOR 4 3 167
NOR 161 16 168
AND 168 8 169
AND 3 11 170
XNOR 167 1 171
AND 4 10 172
NOR 167 171 173
OR 166 136 174
XNOR 2 140 175
OR 175 145 176
AND 139 175 177
NAND 157 172 178
NAND 145 156 179
XNOR 14 137 180
AND 179 142 181
NOR 9 15 182
AND 12 150 183
XOR 139 3 184
XOR 20 160 185
NOR 4 21 186
AND 174 148 187
XNOR 11 148 188
OR 165 155 189
AND 149 153 190
AND 169 151 191
AND 152 17 192
OR 192 151 193
NOR 154 18 194
NAND 151 180 195
OR 5 193 196
NOR 19 151 197
XNOR 154 2 198
XNOR 164 170 199
XNOR 164 182 200
XNOR 158 196 201
AND 6 165 202
NAND 155 171 203
NOR 162 182 204
XNOR 182 190 205
XOR 155 172 206
XNOR 192 170 207
NAND 169 170 208
NOR 14 10 209
XOR 12 172 210
OR 175 193 211
OR 198 160 212
NAND 179 173 213
NAND 19 11 214
AND 197 166 215
NAND 2 183 216
XOR 9 202 217
AND 187 189 218
XOR 190 201 219
OR 197 202 220
NAND 205 212 221
XOR 213 174 222
NAND 171 208 223
NAND 194 175 224
AND 21 213 225
NAND 188 4 226
NAND 13 201 227
OR 214 196 228
AND 205 19 229
XOR 190 225 230
NAND 16 204 231
NOR 19 203 232
AND 213 199 233
XNOR 212 5 234
AND 182 199 235
OR 184 205 236
XOR 181 187 237
AND 8 220 238
XOR 20 15 239
NOR 196 187 240
NOR 211 14 241
OR 193 9 242
OR 13 14 243
XNOR 185 8 244
XNOR 200 230 245
XOR 7 216 246
NOR 2 10 247
OR 206 246 248
NAND 210 193 249
AND 2 6 250
XNOR 18 190 251
NOR 228 224 252
XNOR 193 234 253
AND 227 213 254
NOR 247 252 255
NAND 14 238 256
NAND 241 234 257
AND 251 5 258
AND 215 223 259
NAND 207 5 260
NAND 2 20 261
NAND 213 199 262
AND 20 259 263
NAND 208 15 264
XOR 224 16 265
OR 259 13 266
XNOR 245 228 267
NAND 7 263 268
NOR 16 213 269
OR 0 203 270
XOR 14 213 271
OR 14 15 272
NOR 215 269 273
XOR 259 206 274
NOR 271 15 275
AND 7 235 276
XNOR 245 219 277
XNOR 271 20 278
OR 238 213 279
AND 6 259 280
XNOR 263 6 281
NAND 256 271 282
AND 10 278 283
OR 266 250 284
NOR 262 12 285
AND 280 218 286
XOR 254 224 287
XNOR 257 285 288
NOR 10 12 289
AND 246 249 290
XOR 229 8 291
NAND 235 20 292
NOR 1 287 293
NOR 235 255 294
NOR 268 230 295
NOR 248 261 296
AND 296 262 297
NAND 232 4 298
OR 243 252 299
OR 19 291 300
OR 233 266 301
XNOR 12 3 302
NAND 294 298 303
NOR 238 283 304
NOR 262 257 305
AND 11 275 306
XOR 279 303 307
XOR 242 21 308
XNOR 7 281 309
AND 284 243 310
XOR 20 244 311
XNOR 250 272 312
XNOR 304 242 313
XOR 287 294 314
NOR 2 260 315
NOR 17 268 316
AND 293 6 317
OR 266 289 318
XNOR 305 262 319
XNOR 241 280 320
NAND 283 296 321
XOR 303 18 322
NAND 320 4 323
NOR 250 289 324
OR 282 267 325
NAND 302 3 326
NAND 270 257 327
OR 284 15 328
NOR 271 297 329
NAND 253 11 330
XNOR 8 306 331
XNOR 281 285 332
XNOR 312 297 333
AND 320 255 334
OR 294 324 335
AND 259 327 336
AND 254 305 337
NAND 282 274 338
XOR 274 286 339
OR 331 268 340
XNOR 283 278 341
OR 313 265 342
XNOR 270 21 343
NAND 312 298 344
NOR 272 3 345
XOR 5 321 346
XOR 301 19 347
XNOR 278 276 348
NAND 310 266 349
OR 289 10 350
OR 270 321 351
NAND 8 278 352
XOR 329 282 353
AND 17 278 354
XOR 349 269 355
XOR 344 4 356
XOR 3 280 357
NAND 297 325 358
XOR 356 9 359
NAND 329 321 360
NAND 279 280 361
XNOR 318 2 362
XOR 310 301 363
XOR 317 333 364
XOR 317 20 365
NOR 318 311 366
XNOR 0 294 367
XNOR 12 307 368
NAND 9 10 369
XOR 302 9 370
AND 343 320 371
NAND 325 312 372
AND 289 13 373
NAND 355 340 374
XNOR 366 354 375
NOR 2 1 376
XOR 18 9 377
XOR 19 306 378
XNOR 6 15 379
AND 368 294 380
XNOR 18 17 381
XNOR 339 297 382
NOR 352 379 383
XOR 337 369 384
XNOR 379 325 385
XNOR 339 7 386
NAND 369 2 387
NAND 14 343 388
NOR 333 15 389
OR 18 339 390
XNOR 359 11 391
NAND 383 12 392
XNOR 337 389 393
NOR 20 331 394
AND 321 339 395
NOR 367 349 396
NOR 349 13 397
XOR 397 389 398
NAND 364 316 399
XOR 313 320 400
NAND 317 6 401
XOR 345 308 402
AND 19 355 403
NOR 0 7 404
OR 7 335 405
NOR 376 333 406
NAND 7 399 407
NAND 17 362 408
AND 360 340 409
XNOR 12 321 410
XOR 318 381 411
XOR 310 353 412
XOR 356 374 413
XNOR 358 331 414
AND 18 325 415
NAND 413 378 416
XNOR 21 16 417
AND 394 391 418
NOR 334 11 419
OR 394 388 420
NOR 3 8 421
AND 400 358 422
XNOR 320 375 423
XNOR 333 406 424
NOR 4 363 425
NAND 376 21 426
NAND 347 411 427
AND 356 389 428
XNOR 355 336 429
XNOR 342 420 430
NAND 370 15 431
OR 18 399 432
AND 380 8 433
AND 422 363 434
NAND 420 11 435
NOR 20 378 436
NAND 424 18 437
NOR 21 436 438
AND 345 392 439
NOR 438 6 440
NAND 366 344 441
XOR 405 420 442
XOR 18 350 443
NOR 374 351 444
NOR 7 341 445
XNOR 445 416 446
XOR 390 421 447
NAND 428 353 448
XOR 342 6 449
NOR 16 373 450
OR 384 446 451
OR 20 369 452
NAND 21 448 453
AND 447 375 454
NOR 7 376 455
OR 437 446 456
XNOR 379 15 457
NOR 11 403 458
OR 7 351 459
NAND 402 1 460
XOR 455 362 461
OR 460 458 462
XOR 2 15 463
XOR 5 374 464
XNOR 414 17 465
NAND 2 393 466
AND 0 420 467
OR 454 7 468
NAND 394 463 469
XNOR 432 19 470
NOR 405 3 471
AND 453 0 472
OR 3 402 473
XOR 356 433 474
NOR 458 427 475
XOR 442 423 476
NAND 462 427 477
XNOR 6 15 478
OR 366 401 479
AND 15 9 480
XOR 9 369 481
XNOR 10 464 482
XOR 15 391 483
NAND 450 16 484
NAND 409 408 485
NOR 421 15 486
OR 13 462 487
OR 479 14 488
NOR 11 448 489
XNOR 380 7 490
AND 408 486 491
XNOR 0 477 492
NOR 10 20 493
NAND 9 10 494
OR 6 414 495
NAND 452 404 496
XOR 21 420 497
XNOR 449 398 498
OR 8 401 499
NOR 9 469 500
AND 21 465 501
XNOR 463 19 502
AND 480 388 503
XNOR 3 15 504
AND 483 17 505
NAND 382 413 506
OR 465 388 507
XOR 8 458 508
OR 499 19 509
NAND 399 2 510
NAND 491 507 511
AND 386 11 512
NAND 420 437 513
XNOR 6 1 514
NAND 11 396 515
NOR 433 20 516
NOR 15 494 517
XOR 467 480 518
NOR 15 482 519
XOR 6 9 520
XOR 442 5 521
NOR 485 409 522
NAND 408 444 523
NAND 470 1 524
OR 436 17 525
XOR 478 523 526
NAND 502 482 527
XNOR 497 490 528
XNOR 492 420 529
OR 445 12 530
XOR 399 438 531
XNOR 479 21 532
NAND 408 9 533
OR 441 462 534
OR 418 521 535
OR 4 438 536
NOR 487 496 537
NAND 474 410 538
AND 488 511 539
XOR 2 440 540
AND 469 517 541
AND 477 13 542
OR 493 440 543
OR 17 0 544
AND 20 535 545
NOR 486 13 546
XNOR 1 433 547
NAND 470 7 548
NOR 1 492 549
XNOR 18 444 550
NOR 501 420 551
OR 21 437 552
AND 518 16 553
NOR 516 553 554
AND 448 4 555
AND 461 11 556
NOR 441 472 557
AND 448 480 558
NAND 423 2 559
NAND 457 553 560
XOR 494 21 561
NOR 21 450 562
NAND 545 560 563
XOR 11 3 564
NOR 521 17 565
XNOR 533 519 566
XNOR 4 446 567
AND 468 550 568
XOR 524 505 569
NAND 468 487 570
NAND 446 503 571
OR 7 544 572
NOR 536 20 573
AND 444 561 574
XNOR 572 488 575
NOR 0 541 576
OR 479 21 577
NOR 494 5 578
NAND 523 480 579
XOR 3 554 580
NOR 574 541 581
NAND 571 521 582
OR 21 501 583
NAND 554 534 584
AND 516 556 585
XOR 478 568 586
AND 565 541 587
NAND 5 498 588
XNOR 484 454 589
NOR 552 492 590
NOR 9 487 591
OR 507 10 592
XOR 534 470 593
NAND 487 577 594
NOR 528 465 595
AND 457 1 596
NAND 542 514 597
OR 560 553 598
OR 1 10 599
NAND 491 12 600
AND 566 532 601
NOR 477 566 602
OR 0 2 603
NOR 545 565 604
OR 590 502 605
NOR 16 12 606
NOR 17 542 607
XOR 579 490 608
XNOR 13 14 609
XNOR 516 483 610
OR 8 14 611
NAND 480 5 612
XOR 595 603 613
XNOR 3 4 614
XOR 538 8 615
AND 504 555 616
AND 520 11 617
NAND 3 471 618
NAND 612 535 619
XNOR 544 552 620
NAND 483 14 621
AND 574 507 622
NOR 7 513 623
AND 482 522 624
AND 498 583 625
AND 528 471 626
NAND 551 565 627
XOR 9 14 628
XOR 555 602 629
NOR 599 12 630
NOR 555 563 631
XNOR 555 500 632
XNOR 475 551 633
NOR 572 590 634
NAND 545 534 635
NOR 610 14 636
AND 609 602 637
NOR 18 573 638
NOR 11 12 639
AND 637 0 640
XOR 507 621 641
NAND 11 519 642
XOR 525 504 643
XOR 522 18 644
NAND 622 561 645
XNOR 20 589 646
XNOR 487 517 647
AND 585 0 648
OR 0 648 649
NOR 549 494 650
NAND 526 630 651
NAND 515 12 652
XOR 619 627 653
XOR 16 625 654
XOR 604 12 655
XOR 1 503 656
XNOR 18 619 657
NAND 582 536 658
OR 520 4 659
XOR 644 4 660
OR 20 616 661
XNOR 4 6 662
XOR 575 554 663
OR 524 550 664
XNOR 638 575 665
AND 570 7 666
AND 4 625 667
XNOR 657 19 668
XNOR 553 505 669
NOR 584 562 670
OR 5 12 671
NAND 2 651 672
NAND 601 11 673
OR 609 18 674
NAND 16 657 675
XNOR 565 537 676
XNOR 534 619 677
NOR 618 538 678
XNOR 569 17 679
OR 1 655 680
NOR 5 679 681
NAND 563 0 682
OR 675 556 683
NOR 6 580 684
AND 653 16 685
AND 675 597 686
XOR 531 12 687
NOR 587 658 688
AND 602 6 689
XNOR 609 531 690
NOR 12 2 691
OR 669 13 692
XNOR 591 5 693
XNOR 629 18 694
AND 583 584 695
NOR 527 658 696
AND 656 524 697
OR 5 15 698
NOR 15 626 699
NAND 673 690 700
NOR 680 699 701
XNOR 539 599 702
XNOR 588 561 703
XNOR 629 1 704
XNOR 0 558 705
NOR 5 619 706
XOR 621 642 707
OR 673 661 708
XNOR 622 12 709
NAND 4 688 710
OR 678 8 711
NAND 567 633 712
OR 675 708 713
AND 550 2 714
NOR 616 645 715
XOR 688 8 716
XNOR 7 2 717
XOR 622 546 718
OR 652 711 719
XOR 20 6 720
XOR 659 619 721
OR 595 560 722
NAND 707 719 723
OR 570 631 724
AND 714 14 725
XOR 14 699 726
XNOR 13 2 727
OR 692 573 728
OR 724 0 729
XNOR 634 5 730
NAND 712 21 731
NOR 728 687 732
AND 17 11 733
OR 0 16 734
NOR 719 620 735
XNOR 19 660 736
XOR 7 614 737
NOR 686 560 738
OR 648 19 739
XOR 674 7 740
XOR 3 687 741
NAND 684 666 742
AND 622 635 743
XNOR 662 741 744
NAND 586 597 745
XNOR 575 636 746
AND 624 14 747
AND 635 743 748
XOR 644 13 749
XNOR 746 706 750
XOR 710 699 751
OR 14 708 752
NAND 14 649 753
XNOR 586 726 754
OR 601 705 755
NOR 673 643 756
AND 21 19 757
OR 14 646 758
XNOR 641 665 759
XNOR 633 607 760
OR 673 578 761
XNOR 697 715 762
NOR 649 10 763
XNOR 708 19 764
NAND 9 16 765
XNOR 711 2 766
NAND 20 581 767
XNOR 673 718 768
XOR 579 614 769
AND 725 742 770
OR 740 11 771
XOR 19 689 772
NAND 14 690 773
NAND 593 731 774
XNOR 658 21 775
NAND 632 700 776
AND 8 763 777
NOR 776 5 778
OR 658 726 779
OR 714 751 780
XOR 682 5 781
AND 8 719 782
XOR 7 17 783
XNOR 708 631 784
NAND 775 21 785
OR 729 18 786
XNOR 21 648 787
AND 15 625 788
NAND 712 651 789
XNOR 651 17 790
AND 20 5 791
OR 741 5 792
XNOR 672 737 793
NOR 751 704 794
XNOR 787 718 795
OR 13 20 796
OR 759 715 797
NAND 742 17 798
NAND 632 625 799
NOR 749 716 800
NAND 612 1 801
XNOR 656 715 802
XOR 1 619 803
XNOR 740 623 804
XNOR 617 770 805
XNOR 730 15 806
AND 717 800 807
AND 14 793 808
AND 643 663 809
OR 619 771 810
XOR 1 678 811
XNOR 780 753 812
AND 803 731 813
OR 16 617 814
XOR 682 672 815
XNOR 13 768 816
XOR 770 6 817
NOR 741 752 818
NOR 1 729 819
XOR 671 807 820
NAND 11 8 821
NAND 11 9 822
XOR 696 620 823
NAND 18 12 824
NOR 815 19 825
AND 20 661 826
NOR 826 805 827
XOR 682 730 828
NAND 736 18 829
NOR 750 735 830
XNOR 825 784 831
XNOR 720 705 832
NOR 7 772 833
XNOR 627 770 834
AND 721 797 835
OR 777 819 836
AND 638 744 837
OR 745 706 838
XNOR 730 788 839
NAND 796 803 840
NAND 659 817 841
NOR 763 798 842
OR 784 813 843
OR 837 835 844
XOR 754 771 845
XNOR 707 684 846
XNOR 749 661 847
NOR 733 667 848
NAND 17 822 849
XOR 671 704 850
XNOR 724 809 851
OR 5 721 852
OR 824 1 853
XNOR 749 2 854
AND 9 4 855
AND 693 746 856
OR 14 662 857
XNOR 658 707 858
XNOR 5 1 859
AND 12 736 860
OR 710 11 861
XOR 764 793 862
AND 775 726 863
NOR 662 21 864
NOR 855 846 865
OR 787 19 866
OR 790 670 867
OR 11 700 868
XNOR 21 677 869
OR 771 752 870
NAND 14 849 871
XOR 739 753 872
AND 659 723 873
NOR 14 848 874
XNOR 866 856 875
NAND 768 859 876
NAND 736 2 877
AND 764 8 878
AND 18 6 879
OR 20 10 880
XNOR 13 4 881
XNOR 854 19 882
AND 21 20 883
NOR 692 826 884
AND 4 782 885
AND 830 737 886
NOR 858 857 887
XNOR 2 8 888
XOR 702 20 889
OR 5 764 890
XOR 830 669 891
XOR 872 756 892
AND 13 796 893
NOR 887 2 894
AND 10 16 895
NAND 776 778 896
XOR 753 856 897
AND 13 678 898
XNOR 686 677 899
XOR 855 14 900
NOR 785 850 901
XNOR 776 815 902
XNOR 713 868 903
OR 877 9 904
AND 808 809 905
NAND 0 694 906
OR 797 883 907
AND 13 1 908
OR 19 5 909
OR 832 726 910
NOR 846 724 911
NAND 885 756 912
AND 8 695 913
OR 3 9 914
OR 769 785 915
OR 763 792 916
NOR 879 840 917
OR 805 803 918
XNOR 838 0 919
XOR 748 5 920
NOR 871 854 921
NAND 21 919 922
OR 906 21 923
NOR 769 14 924
XNOR 883 749 925
NAND 16 794 926
OR 847 842 927
NOR 10 832 928
NOR 3 912 929
XOR 757 18 930
NOR 21 905 931
XNOR 779 708 932
AND 869 829 933
NAND 743 892 934
XNOR 766 867 935
OR 742 796 936
AND 12 775 937
OR 856 921 938
OR 927 747 939
XNOR 803 7 940
OR 18 905 941
AND 843 931 942
AND 853 920 943
XOR 19 858 944
NAND 755 841 945
OR 11 894 946
AND 10 3 947
NOR 852 15 948
NOR 716 712 949
OR 16 716 950
NAND 9 793 951
NAND 790 4 952
NAND 867 782 953
NOR 866 780 954
NAND 927 14 955
NAND 3 829 956
XOR 945 872 957
OR 779 838 958
NAND 819 6 959
AND 14 880 960
AND 20 9 961
NOR 7 881 962
NAND 17 861 963
AND 895 852 964
AND 752 14 965
OR 0 858 966
XOR 818 931 967
AND 927 959 968
AND 789 817 969
XOR 893 915 970
NOR 9 824 971
NOR 839 14 972
NAND 849 777 973
NAND 965 15 974
XOR 785 951 975
XNOR 747 3 976
OR 20 18 977
NOR 8 14 978
AND 4 905 979
XNOR 12 8 980
XOR 797 1 981
OR 862 842 982
NAND 966 778 983
XOR 745 907 984
OR 769 917 985
AND 883 17 986
NAND 821 838 987
OR 0 913 988
XNOR 792 14 989
AND 939 886 990
XOR 15 16 991
NOR 13 10 992
NAND 0 960 993
AND 826 983 994
NOR 876 869 995
NAND 972 825 996
NOR 15 946 997
AND 7 1 998
AND 934 946 999
OR 14 880 1000
NAND 1 15 1001
AND 963 873 1002
OR 822 862 1003
NOR 880 888 1004
NAND 2 763 1005
AND 914 886 1006
OR 20 842 1007
OR 878 764 1008
XNOR 994 995 1009
XNOR 935 963 1010
NAND 829 936 1011
AND 14 867 1012
NOR 13 978 1013
NAND 19 7 1014
XOR 804 2 1015
AND 790 964 1016
XOR 792 791 1017
NOR 12 784 1018
AND 826 803 1019
NOR 771 765 1020
NAND 803 17 1021
NOR 858 16 1022
AND 959 988 1023
AND 987 3 1024
NOR 997 853 1025
NOR 774 1020 1026
OR 808 9 1027
XOR 872 968 1028
XNOR 828 21 1029
XOR 11 978 1030
NOR 2 10 1031
XOR 826 860 1032
XOR 988 795 1033
NOR 19 1025 1034
XOR 799 873 1035
XOR 808 783 1036
NOR 778 779 1037
XNOR 1027 0 1038
AND 829 818 1039
XNOR 872 917 1040
XNOR 782 847 1041
XOR 782 9 1042
NOR 912 867 1043
NAND 809 15 1044
XOR 985 970 1045
NAND 18 1030 1046
OR 7 0 1047
AND 811 945 1048
NOR 796 819 1049
AND 815 962 1050
OR 17 919 1051
NAND 898 4 1052
NAND 21 9 1053
NAND 983 1013 1054
AND 816 878 1055
AND 1044 963 1056
XOR 10 13 1057
AND 19 1037 1058
AND 1033 914 1059
NOR 4 814 1060
XOR 1 4 1061
XNOR 946 886 1062
NOR 16 988 1063
OR 931 954 1064
AND 864 834 1065
XOR 897 820 1066
OR 961 824 1067
NOR 1064 996 1068
NAND 843 802 1069
OR 21 1018 1070
XOR 1037 19 1071
XNOR 1008 1066 1072
NAND 1058 18 1073
NAND 936 934 1074
NOR 881 20 1075
XNOR 2 5 1076
OR 4 1007 1077
XOR 878 3 1078
XOR 950 960 1079
NOR 961 844 1080
OR 1068 1075 1081
XNOR 1046 879 1082
AND 982 969 1083
OR 989 868 1084
NOR 16 976 1085
OR 10 908 1086
NOR 0 16 1087
OR 893 816 1088
NAND 2 14 1089
AND 1071 819 1090
XNOR 914 961 1091
AND 894 968 1092
NAND 953 847 1093
XOR 14 3 1094
AND 9 0 1095
OR 6 1095 1096
NAND 1026 10 1097
AND 866 1026 1098
AND 1041 887 1099
AND 4 893 1100
OR 909 1020 1101
OR 958 15 1102
AND 4 1081 1103
NOR 9 928 1104
XNOR 0 14 1105
AND 16 3 1106
OR 838 3 1107
XOR 9 858 1108
XOR 5 883 1109
OR 850 931 1110
AND 987 4 1111
NAND 1043 10 1112
AND 1017 935 1113
XOR 17 1100 1114
NOR 1098 1085 1115
NAND 11 1050 1116
NOR 901 1063 1117
AND 13 10 1118
AND 861 889 1119
AND 1 911 1120
AND 1036 0 1121
OR 880 3 1122
XOR 897 964 1123
AND 10 4 1124
NOR 1001 957 1125
XOR 8 860 1126
OR 1033 974 1127
NAND 0 895 1128
XNOR 1030 1007 1129
NAND 870 15 1130
XOR 865 1004 1131
XNOR 966 6 1132
AND 971 920 1133
OR 13 5 1134
NOR 986 1005 1135
OR 968 926 1136
NOR 938 1 1137
NOR 1103 1074 1138
XNOR 1096 13 1139
AND 947 1108 1140
NAND 1131 1114 1141
XNOR 957 1098 1142
OR 862 1001 1143
NAND 1122 1007 1144
XNOR 872 17 1145
OR 21 991 1146
NOR 1131 13 1147
NOR 1105 1 1148
OR 978 1136 1149
NAND 1048 1100 1150
NOR 15 1081 1151
OR 10 1130 1152
XOR 1092 1001 1153
XNOR 1106 1110 1154
AND 971 1004 1155
NOR 1119 960 1156
AND 1143 1081 1157
NOR 1024 4 1158
XOR 931 882 1159
XOR 911 874 1160
AND 14 941 1161
NAND 909 891 1162
XOR 1101 1158 1163
NAND 1018 1137 1164
NOR 3 926 1165
OR 1037 14 1166
XNOR 19 939 1167
OR 1049 1156 1168
OR 1037 996 1169
XNOR 1 949 1170
XOR 14 1091 1171
NOR 1051 958 1172
NOR 6 21 1173
AND 1085 16 1174
OR 1147 987 1175
XOR 1104 909 1176
NAND 955 12 1177
OR 1028 5 1178
XNOR 1153 907 1179
OR 1049 892 1180
NOR 1093 984 1181
NAND 1097 1040 1182
XOR 5 11 1183
OR 1114 970 1184
OR 984 923 1185
NAND 1061 1050 1186
XOR 1126 17 1187
NAND 922 938 1188
OR 925 1152 1189
XOR 953 914 1190
NAND 950 1070 1191
AND 1189 920 1192
OR 923 15 1193
OR 9 14 1194
OR 7 953 1195
NAND 1004 9 1196
NOR 1101 1049 1197
NAND 1003 966 1198
XNOR 927 1008 1199
XNOR 1195 959 1200
OR 19 924 1201
NOR 16 1012 1202
OR 10 928 1203
NOR 1069 11 1204
XOR 1174 18 1205
NOR 1068 1140 1206
AND 4 1068 1207
NAND 1021 4 1208
OR 1054 1150 1209
AND 1099 6 1210
OR 967 1118 1211
AND 1122 9 1212
XOR 14 1000 1213
NOR 0 1190 1214
NAND 0 931 1215
NAND 1137 11 1216
OR 1142 14 1217
AND 935 949 1218
NOR 15 19 1219
NOR 13 18 1220
NOR 10 1012 1221
OR 1057 957 1222
OR 12 0 1223
NAND 1091 1052 1224
NOR 937 19 1225
AND 1045 959 1226
XNOR 12 1019 1227
XOR 18 971 1228
OR 19 966 1229
OR 1049 1114 1230
AND 21 1043 1231
NAND 14 1112 1232
XOR 1095 1080 1233
XOR 979 941 1234
XNOR 1104 1160 1235
NAND 1106 1044 1236
NAND 1165 977 1237
NOR 934 1226 1238
OR 1100 1018 1239
NOR 9 1091 1240
OR 7 954 1241
NAND 9 1088 1242
NAND 1072 20 1243
NOR 961 16 1244
OR 1014 1214 1245
XNOR 1089 1088 1246
XNOR 1005 939 1247
XNOR 11 1198 1248
OR 1042 0 1249
XOR 998 1046 1250
XNOR 9 21 1251
OR 1068 4 1252
AND 1220 1138 1253
XOR 1005 1224 1254
NOR 1105 948 1255
XNOR 985 1026 1256
OR 1252 1236 1257
AND 1094 1181 1258
AND 1002 4 1259
XNOR 11 980 1260
AND 1090 1157 1261
OR 4 1042 1262
XOR 16 1199 1263
NAND 7 11 1264
XOR 6 15 1265
NAND 18 6 1266
OR 1204 1261 1267
NOR 14 1178 1268
OR 17 14 1269
NAND 3 1012 1270
XOR 1028 16 1271
OR 970 1073 1272
XOR 1047 1167 1273
NOR 962 959 1274
XNOR 14 975 1275
NAND 14 1269 1276
NOR 6 974 1277
AND 8 1236 1278
XOR 1021 1237 1279
OR 1171 1079 1280
XNOR 1093 1031 1281
OR 962 1086 1282
OR 9 1104 1283
AND 1004 9 1284
NAND 1042 3 1285
OR 1058 1082 1286
AND 1245 1241 1287
XOR 15 1185 1288
XNOR 13 1047 1289
XOR 1245 17 1290
NAND 6 7 1291
OR 1276 18 1292
XOR 988 10 1293
AND 7 15 1294
OR 13 1007 1295
OR 1136 1126 1296
XOR 20 1052 1297
NAND 1021 20 1298
OR 1246 1289 1299
AND 16 1243 1300
AND 1120 1101 1301
AND 1112 1002 1302
XNOR 1050 1128 1303
OR 978 1211 1304
OR 13 3 1305
NAND 21 1072 1306
NAND 21 11 1307
OR 18 14 1308
NAND 5 6 1309
XOR 1231 1166 1310
AND 1063 19 1311
OR 1169 1201 1312
AND 1306 1297 1313
NOR 1011 3 1314
AND 1044 1025 1315
OR 1253 1072 1316
XOR 4 21 1317
NOR 1135 1110 1318
OR 1297 5 1319
OR 1273 1279 1320
XNOR 19 1276 1321
NAND 1059 1281 1322
NAND 1233 1134 1323
XNOR 4 1293 1324
AND 1313 2 1325
OR 5 1286 1326
XNOR 1043 1045 1327
OR 1194 9 1328
NOR 1131 1164 1329
NAND 1136 1102 1330
XOR 1049 0 1331
NAND 1013 1014 1332
XOR 1086 1186 1333
XOR 1329 5 1334
XNOR 1103 8 1335
OR 1087 1191 1336
AND 1132 1219 1337
NAND 1285 1169 1338
XNOR 1104 1098 1339
XNOR 1317 1167 1340
XOR 1296 1245 1341
AND 1291 1224 1342
XNOR 5 1068 1343
NOR 1244 1269 1344
XOR 10 18 1345
OR 1298 1139 1346
AND 1023 1147 1347
AND 1190 1048 1348
OR 13 1203 1349
NAND 1271 1116 1350
NOR 14 9 1351
AND 17 1334 1352
OR 1176 1289 1353
AND 14 1271 1354
NOR 1317 1128 1355
AND 1230 1114 1356
NAND 1235 1130 1357
XNOR 20 1276 1358
NOR 1346 1290 1359
XOR 0 1157 1360
AND 1203 1220 1361
AND 15 1343 1362
NOR 1196 0 1363
OR 1352 1310 1364
NOR 12 1148 1365
NOR 1331 1153 1366
XOR 1352 2 1367
XOR 1207 1262 1368
NOR 10 18 1369
NAND 2 20 1370
XOR 1235 1249 1371
XOR 1362 1268 1372
XNOR 14 1034 1373
NAND 17 14 1374
AND 1159 1349 1375
XNOR 1326 1332 1376
NOR 1372 2 1377
XNOR 1205 1288 1378
OR 1221 1155 1379
XNOR 1137 1047 1380
NAND 3 1312 1381
AND 8 1333 1382
AND 1368 1298 1383
AND 10 1110 1384
NOR 1225 1187 1385
XNOR 1107 4 1386
AND 13 19 1387
NOR 1308 1252 1388
NAND 1126 18 1389
NAND 1077 1100 1390
AND 1137 1060 1391
OR 18 1160 1392
XNOR 9 1089 1393
NOR 1284 1237 1394
XOR 1279 1140 1395
XOR 1159 1166 1396
XNOR 21 1123 1397
NAND 1110 1384 1398
AND 1393 0 1399
AND 1217 1126 1400
NOR 1187 1313 1401
AND 1343 1 1402
XOR 1193 1121 1403
AND 19 1209 1404
OR 1117 1080 1405
AND 1295 1279 1406
XNOR 1171 1267 1407
AND 1239 1263 1408
OR 3 1166 1409
XNOR 1344 1372 1410
XOR 21 1292 1411
XOR 1328 1135 1412
XNOR 1385 1095 1413
XNOR 1 1376 1414
NAND 14 1382 1415
XNOR 1366 2 1416
OR 1305 20 1417
XNOR 1243 1330 1418
AND 18 1187 1419
NOR 1371 1306 1420
OR 1159 1249 1421
NAND 3 14 1422
NAND 10 1421 1423
AND 1350 1388 1424
XOR 1174 7 1425
AND 1235 1350 1426
AND 1390 1352 1427
NAND 1137 1402 1428
NOR 1164 1205 1429
NOR 0 9 1430
OR 17 1387 1431
XOR 1312 5 1432
NAND 11 1432 1433
XOR 1183 1216 1434
NOR 19 1220 1435
XNOR 1151 17 1436
NOR 1247 1401 1437
AND 1346 1118 1438
XNOR 1368 4 1439
OR 1329 1122 1440
XOR 1250 1396 1441
NOR 1258 18 1442
NAND 2 9 1443
NOR 1391 1171 1444
NAND 1317 1323 1445
NAND 14 1213 1446
AND 1409 1362 1447
OR 1319 18 1448
NOR 1262 1151 1449
NAND 1112 1222 1450
XNOR 11 1383 1451
OR 1103 14 1452
AND 21 1279 1453
XNOR 1262 1095 1454
XNOR 17 1162 1455
XNOR 1117 1213 1456
AND 6 2 1457
XNOR 1299 1435 1458
XOR 20 1368 1459
AND 1263 8 1460
NOR 1217 1169 1461
NOR 1115 1437 1462
OR 1323 17 1463
OR 1444 1333 1464
NAND 2 1111 1465
XOR 1162 1126 1466
XNOR 1243 1382 1467
NAND 1192 21 1468
AND 1220 1208 1469
OR 1459 1460 1470
XNOR 1287 1348 1471
XOR 6 1320 1472
XNOR 1322 1191 1473
NAND 1329 1337 1474
NOR 17 5 1475
XNOR 1409 3 1476
XOR 8 1292 1477
NAND 1142 1357 1478
XOR 8 1200 1479
OR 1244 1136 1480
NAND 1167 1294 1481
XNOR 1415 1378 1482
OR 6 16 1483
NAND 1442 17 1484
NOR 1285 1 1485
NAND 1388 7 1486
NAND 1345 10 1487
AND 1 1409 1488
XNOR 1464 1297 1489
XOR 1125 1313 1490
XOR 1199 1284 1491
XNOR 1237 1357 1492
XOR 2 1177 1493
XNOR 1404 11 1494
OR 1229 1374 1495
XOR 13 1367 1496
NOR 1216 1166 1497
NOR 1272 1225 1498
XOR 6 1355 1499
XNOR 1128 1242 1500
XOR 1389 1300 1501
NOR 1129 1192 1502
AND 1225 1209 1503
AND 1320 1302 1504
AND 2 1481 1505
XOR 1292 1367 1506
AND 13 1312 1507
XNOR 1232 1158 1508
XOR 1168 1199 1509
NOR 16 1148 1510
OR 1165 1503 1511
NOR 1457 2 1512
XNOR 1139 21 1513
NAND 1364 4 1514
XNOR 1444 1276 1515
XNOR 1295 1285 1516
XNOR 8 1296 1517
NOR 1184 6 1518
XNOR 2 1307 1519
AND 1466 1439 1520
XNOR 1284 1486 1521
XNOR 1302 1477 1522
NAND 1360 1163 1523
NOR 1325 1509 1524
XOR 21 1283 1525
OR 1480 1358 1526
OR 1278 20 1527
NAND 16 15 1528
OR 1351 1481 1529
NAND 1185 1249 1530
AND 1394 1467 1531
AND 1173 0 1532
OR 1435 20 1533
NOR 1389 1249 1534
NOR 1460 1515 1535
NOR 16 1326 1536
XOR 1529 1171 1537
NAND 1 1375 1538
AND 1471 1173 1539
NOR 1468 1504 1540
OR 1423 1190 1541
NOR 1258 13 1542
XOR 1388 16 1543
XOR 1223 17 1544
AND 1352 1361 1545
XOR 1525 1368 1546
OR 1464 0 1547
AND 1299 7 1548
XOR 14 0 1549
NOR 1274 1390 1550
NOR 1340 1238 1551
XNOR 1510 1461 1552
XOR 1294 1485 1553
XNOR 1407 1232 1554
XOR 12 1415 1555
OR 1524 1293 1556
NAND 9 15 1557
XNOR 1 1492 1558
NAND 1215 1545 1559
NAND 13 5 1560
XNOR 16 1510 1561
XNOR 1353 1534 1562
XNOR 11 1486 1563
NOR 1247 1472 1564
OR 1304 1412 1565
NOR 14 1238 1566
AND 11 1428 1567
XOR 1365 1544 1568
XNOR 1354 1411 1569
OR 5 17 1570
XNOR 1193 1503 1571
XNOR 1463 1429 1572
NAND 1395 1308 1573
NOR 7 1562 1574
OR 1339 1320 1575
NAND 1559 5 1576
OR 1532 15 1577
XOR 1358 1316 1578
NOR 1441 1445 1579
AND 1538 20 1580
NAND 1531 0 1581
OR 17 11 1582
XNOR 1252 1401 1583
NOR 1567 1284 1584
AND 3 1275 1585
OR 1320 1510 1586
NOR 7 1254 1587
XOR 19 1525 1588
OR 1481 1419 1589
XNOR 8 1510 1590
AND 1364 1463 1591
NOR 1330 1515 1592
NOR 1571 15 1593
XOR 1309 1452 1594
AND 1491 1582 1595
XOR 1444 1451 1596
AND 1550 1370 1597
AND 1403 1241 1598
NOR 2 12 1599
NOR 1283 1471 1600
OR 3 1228 1601
AND 1368 13 1602
XOR 1317 0 1603
NAND 5 1495 1604
XNOR 2 1541 1605
OR 1567 6 1606
NOR 1300 1399 1607
NAND 1217 1482 1608
XNOR 1533 1379 1609
XNOR 1272 10 1610
NAND 1287 1571 1611
NOR 1456 1302 1612
NAND 2 1501 1613
NOR 1390 1223 1614
OR 1538 14 1615
XOR 1519 1506 1616
NOR 1536 1455 1617
NOR 1375 2 1618
XOR 1300 20 1619
NAND 1430 1415 1620
XOR 1561 1376 1621
NOR 0 8 1622
OR 19 1482 1623
NAND 1317 1253 1624
AND 1541 3 1625
XOR 1553 1572 1626
XOR 1353 13 1627
XNOR 1482 1515 1628
AND 3 9 1629
XNOR 1590 2 1630
NOR 1477 1286 1631
NAND 1604 20 1632
NOR 1287 1254 1633
AND 1433 1470 1634
OR 1513 20 1635
XNOR 1607 1296 1636
NOR 16 14 1637
NAND 1536 7 1638
AND 1411 20 1639
XOR 1535 19 1640
NOR 14 12 1641
XOR 12 0 1642
XNOR 1458 1581 1643
NOR 1372 1532 1644
NAND 1262 1532 1645
AND 1372 1589 1646
AND 11 1389 1647
NOR 1346 1415 1648
OR 1511 10 1649
XOR 1259 1536 1650
XNOR 1381 1490 1651
XOR 1414 1477 1652
AND 5 1530 1653
OR 1421 9 1654
NOR 19 1432 1655
OR 1575 1442 1656
NAND 1528 1276 1657
OR 1346 1623 1658
NAND 19 11 1659
OR 1434 1639 1660
AND 1376 1324 1661
NAND 1355 1310 1662
NAND 1464 1334 1663
OR 1377 1530 1664
NAND 1327 9 1665
AND 1442 1274 1666
NOR 1426 1351 1667
AND 1514 6 1668
NAND 1374 1522 1669
AND 1607 1377 1670
NOR 1384 1476 1671
OR 1505 1 1672
OR 15 8 1673
NOR 1470 1298 1674
NOR 1301 9 1675
AND 1474 1582 1676
AND 1480 1615 1677
NAND 1500 7 1678
XNOR 1539 1479 1679
AND 7 1631 1680
NAND 1375 1672 1681
AND 21 1492 1682
XNOR 1378 1317 1683
NAND 11 10 1684
NAND 1574 1461 1685
OR 1398 1345 1686
XOR 1612 21 1687
XNOR 15 1629 1688
AND 1393 4 1689
OR 1402 1416 1690
NAND 1287 20 1691
XOR 1524 0 1692
XNOR 1455 1413 1693
AND 6 1583 1694
NOR 1542 14 1695
XNOR 1462 1643 1696
NOR 1309 1640 1697
NOR 1506 1671 1698
AND 11 1316 1699
NAND 1503 1603 1700
OR 1319 4 1701
AND 1438 19 1702
XOR 18 1475 1703
XOR 1382 5 1704
OR 1492 1623 1705
XNOR 1565 21 1706
NOR 1332 1666 1707
XNOR 1701 13 1708
NAND 1619 1284 1709
NOR 1473 4 1710
AND 1557 1438 1711
XOR 1626 1456 1712
XOR 15 1477 1713
XOR 1604 1338 1714
NAND 1660 6 1715
OR 1463 2 1716
XOR 1423 1560 1717
NOR 1380 0 1718
XNOR 1489 1453 1719
OR 13 1432 1720
NAND 1394 1460 1721
NOR 1702 1 1722
NAND 1445 21 1723
OR 1511 9 1724
NOR 1344 1717 1725
OR 12 4 1726
XOR 1467 1331 1727
XNOR 1666 1483 1728
OR 1461 17 1729
NAND 1455 18 1730
XOR 1561 1650 1731
NAND 1461 1535 1732
NOR 6 15 1733
XOR 1656 1534 1734
XOR 14 1515 1735
NAND 1734 11 1736
NAND 5 1396 1737
XNOR 1343 1443 1738
XOR 17 1310 1739
OR 1575 15 1740
OR 1465 1737 1741
OR 1415 1552 1742
AND 1471 9 1743
NOR 1373 1312 1744
NAND 1374 21 1745
NOR 8 1514 1746
XNOR 8 1327 1747
OR 1331 1722 1748
NAND 18 17 1749
AND 1637 1491 1750
AND 1611 1486 1751
NAND 1488 1422 1752
NAND 1530 2 1753
AND 1721 2 1754
NAND 16 7 1755
NAND 1622 3 1756
NAND 1366 1464 1757
XOR 1410 2 1758
XNOR 1399 14 1759
NAND 10 1649 1760
NOR 1527 15 1761
NOR 1687 1393 1762
NAND 1608 1678 1763
XOR 1389 1549 1764
AND 1663 1647 1765
XOR 4 1510 1766
XNOR 1580 21 1767
OR 11 2 1768
NOR 1492 4 1769
NAND 20 1531 1770
OR 1368 1418 1771
XOR 1584 1540 1772
NOR 1607 1689 1773
NAND 1700 1361 1774
NAND 1698 1355 1775
OR 1494 1411 1776
NAND 16 1464 1777
AND 1752 1743 1778
XNOR 21 22 1779
OR 3 1513 1780
XOR 1515 6 1781
XOR 1771 1596 1782
NAND 19 20 1783
AND 15 1571 1784
NAND 1491 1403 1785
XOR 16 1489 1786
AND 1504 1622 1787
XOR 1644 1713 1788
AND 14 1468 1789
OR 1635 0 1790
OR 1392 1445 1791
AND 1461 1723 1792
NAND 1783 1558 1793
NAND 14 1595 1794
XOR 7 19 1795
OR 1780 1532 1796
XNOR 1624 1540 1797
AND 9 0 1798
AND 2 1491 1799
AND 1365 12 1800
XNOR 1360 1530 1801
AND 17 3 1802
AND 21 15 1803
NOR 1624 1684 1804
OR 9 1701 1805
NAND 11 1402 1806
XOR 1605 1613 1807
NAND 1547 1459 1808
NOR 1667 1518 1809
AND 1606 1772 1810
XOR 1771 1359 1811
XNOR 1656 1553 1812
NOR 1450 1645 1813
XOR 18 2 1814
AND 1768 1646 1815
OR 12 1415 1816
NAND 1750 1806 1817
XOR 9 1607 1818
NAND 1722 1381 1819
OR 1411 20 1820
OR 1566 1599 1821
XOR 8 1450 1822
NOR 1645 1758 1823
AND 12 1762 1824
AND 1489 20 1825
OR 1482 19 1826
NOR 1478 1414 1827
XNOR 1637 1429 1828
AND 1792 1723 1829
XOR 1507 1736 1830
AND 1441 4 1831
OR 1759 1722 1832
OR 0 1728 1833
AND 1763 1758 1834
XOR 1612 1650 1835
NAND 4 8 1836
XNOR 1453 13 1837
AND 1486 1774 1838
NAND 1547 1518 1839
NOR 1769 1771 1840
XOR 1656 1537 1841
OR 1781 1473 1842
NAND 4 1757 1843
XNOR 1446 1704 1844
XNOR 1717 1648 1845
NAND 1462 1803 1846
AND 1397 1730 1847
XNOR 1716 20 1848
OR 1416 11 1849
AND 1513 21 1850
AND 1538 1446 1851
XOR 1836 1651 1852
XOR 5 1847 1853
XOR 16 20 1854
XOR 1582 4 1855
OR 1529 1666 1856
NAND 15 1754 1857
OR 1737 6 1858
XOR 1721 1498 1859
AND 1562 1683 1860
NOR 1459 2 1861
XOR 21 14 1862
AND 1418 1481 1863
XOR 2 1766 1864
NAND 1525 1645 1865
NOR 1658 1612 1866
XOR 1700 1780 1867
AND 8 1828 1868
XNOR 1453 8 1869
NAND 1783 1596 1870
XOR 21 10 1871
NOR 1754 0 1872
NAND 1561 1638 1873
NAND 1763 1511 1874
OR 1729 1543 1875
XOR 1674 1813 1876
AND 1617 1480 1877
NOR 15 1596 1878
NOR 18 1725 1879
XOR 3 1836 1880
NOR 12 2 1881
NAND 1556 1464 1882
XOR 1470 20 1883
AND 13 1778 1884
NAND 1415 1501 1885
NAND 1739 4 1886
XOR 1446 1541 1887
XOR 1503 16 1888
OR 1490 1774 1889
NAND 1720 1655 1890
XNOR 7 1815 1891
XOR 1600 1664 1892
XOR 1878 3 1893
AND 18 1620 1894
XNOR 17 1723 1895
NAND 17 1712 1896
XOR 1680 1818 1897
NOR 8 1857 1898
AND 0 1630 1899
XNOR 1567 1620 1900
AND 1438 10 1901
XOR 1 1557 1902
OR 1871 1872 1903
NOR 1638 1682 1904
NOR 1536 1864 1905
NOR 1733 1738 1906
NOR 1554 1611 1907
XOR 1624 1627 1908
XNOR 1897 1807 1909
XNOR 13 0 1910
XOR 1904 18 1911
AND 1575 5 1912
XNOR 1770 1845 1913
NAND 7 1830 1914
NOR 1742 1790 1915
AND 1710 0 1916
AND 1749 1763 1917
XNOR 1515 1696 1918
XOR 4 12 1919
XOR 1864 1649 1920
AND 1845 11 1921
OR 1854 1885 1922
AND 21 1449 1923
OR 6 9 1924
XOR 21 1 1925
AND 1469 17 1926
OR 1509 1647 1927
AND 1510 13 1928
XNOR 1806 1632 1929
XOR 1836 4 1930
XNOR 1927 1772 1931
NOR 1641 1596 1932
XOR 1591 1822 1933
XOR 8 1835 1934
XNOR 6 10 1935
XNOR 6 1775 1936
XOR 1753 1791 1937
AND 1748 1769 1938
NOR 1627 1802 1939
OR 1670 8 1940
NOR 14 1649 1941
OR 11 1725 1942
AND 1940 1615 1943
XOR 1919 1458 1944
XNOR 4 1778 1945
NOR 1475 1938 1946
XOR 16 17 1947
NOR 1842 1 1948
NOR 11 4 1949
OR 1788 1632 1950
OR 7 1862 1951
NOR 1546 1635 1952
AND 1765 1599 1953
OR 1524 1617 1954
NAND 1638 1589 1955
OR 1 1930 1956
NAND 3 1897 1957
AND 8 1906 1958
NAND 12 19 1959
XOR 1488 1633 1960
OR 1609 1593 1961
XOR 5 1870 1962
XOR 11 4 1963
XNOR 1657 1776 1964
XOR 15 1568 1965
XOR 20 1627 1966
NOR 9 1770 1967
NOR 1525 21 1968
NAND 2 1905 1969
NAND 1733 1663 1970
AND 1736 1798 1971
XNOR 1575 1750 1972
NOR 1699 1932 1973
XOR 1810 1546 1974
NOR 1930 7 1975
AND 1768 1740 1976
AND 1902 5 1977
OR 1534 1928 1978
XOR 1827 1948 1979
XNOR 16 1630 1980
NAND 1681 1727 1981
OR 1766 1718 1982
XNOR 1730 1581 1983
NOR 1782 18 1984
XNOR 1540 1534 1985
NAND 16 1785 1986
OR 17 1614 1987
NAND 1818 8 1988
AND 12 1747 1989
NOR 1781 1558 1990
OR 1791 1708 1991
OR 1591 1611 1992
OR 1536 1898 1993
NOR 1744 1623 1994
XOR 1973 1703 1995
NAND 15 7 1996
OR 1931 1868 1997
OR 1668 1716 1998
XOR 16 1936 1999
AND 1980 1628 2000
XOR 13 1855 2001
NOR 1984 1551 2002
NAND 15 11 2003
AND 1604 1644 2004
AND 0 1 2005
NAND 1865 1891 2006
XOR 1727 1941 2007
AND 1563 1680 2008
XOR 12 1905 2009
AND 12 1730 2010
NOR 1946 1809 2011
NAND 1751 1632 2012
AND 21 1955 2013
XNOR 1886 1857 2014
AND 1811 1733 2015
AND 1600 1939 2016
XOR 21 1692 2017
AND 1752 1738 2018
OR 1949 1916 2019
NAND 1799 4 2020
NAND 1985 2001 2021
AND 1595 1693 2022
OR 18 15 2023
XOR 1834 1728 2024
XNOR 1623 14 2025
AND 15 14 2026
NAND 11 1737 2027
AND 8 1897 2028
NOR 4 7 2029
OR 1713 1637 2030
NOR 1834 1559 2031
AND 1642 1603 2032
XNOR 1710 1903 2033
OR 1556 1776 2034
NOR 19 1593 2035
XNOR 6 1922 2036
OR 1584 2003 2037
AND 1951 1612 2038
AND 1655 17 2039
AND 1551 1729 2040
NOR 20 13 2041
AND 1895 1622 2042
XOR 1868 9 2043
XOR 15 16 2044
XNOR 1607 18 2045
NAND 9 1893 2046
AND 1948 1945 2047
NOR 8 1914 2048
NOR 10 1886 2049
OR 1682 1909 2050
OR 1648 1835 2051
NAND 4 1676 2052
NAND 2038 1801 2053
XOR 1863 1925 2054
NOR 1662 12 2055
XNOR 5 1643 2056
XNOR 13 1589 2057
NAND 17 1549 2058
XNOR 1662 1773 2059
AND 15 9 2060
OR 1942 1558 2061
XOR 1906 1768 2062
NAND 1619 3 2063
AND 1895 1800 2064
NAND 7 0 2065
XOR 1787 1672 2066
OR 11 1631 2067
XNOR 4 1571 2068
OR 1881 1573 2069
NAND 1827 9 2070
XNOR 1676 9 2071
OR 1818 2063 2072
OR 1914 0 2073
XNOR 0 10 2074
OR 1575 1580 2075
XOR 1749 0 2076
NAND 1628 7 2077
XNOR 1946 1726 2078
AND 1639 1877 2079
NAND 2000 2062 2080
NOR 1960 1562 2081
OR 17 2057 2082
XOR 1977 1807 2083
XNOR 21 1668 2084
NAND 2013 1607 2085
NAND 1920 1899 2086
NOR 1969 1713 2087
NAND 2 16 2088
XNOR 1764 1793 2089
AND 1734 1921 2090
NAND 18 21 2091
AND 1979 15 2092
XOR 1894 1953 2093
NOR 10 2 2094
XOR 1616 1693 2095
OR 1716 1740 2096
OR 1872 18 2097
XOR 1965 16 2098
NOR 1815 2029 2099
OR 6 1940 2100
XNOR 1878 9 2101
XNOR 1619 2094 2102
AND 2041 1735 2103
XOR 13 1816 2104
NAND 1663 13 2105
XNOR 1903 2000 2106
OR 2 1863 2107
XNOR 1896 16 2108
OR 7 2045 2109
XOR 2052 1807 2110
AND 1 2022 2111
AND 2008 3 2112
AND 1820 1769 2113
XOR 11 15 2114
XNOR 1636 17 2115
AND 12 2061 2116
AND 1661 2112 2117
AND 1963 1848 2118
XOR 10 1872 2119
AND 17 14 2120
AND 1867 2024 2121
NAND 17 1998 2122
NOR 1756 2065 2123
XOR 1855 1661 2124
NOR 1614 1910 2125
XOR 18 20 2126
XOR 1807 18 2127
XOR 2083 2038 2128
XNOR 15 1878 2129
XOR 1632 1813 2130
NOR 1646 3 2131
XOR 1980 2003 2132
AND 1875 6 2133
OR 1909 1739 2134
OR 1999 2092 2135
OR 1648 1764 2136
NOR 2080 1673 2137
NOR 1695 1659 2138
NAND 7 1612 2139
OR 1859 2074 2140
AND 1830 1692 2141
AND 1932 2002 2142
OR 1854 10 2143
NAND 1905 1820 2144
AND 0 1692 2145
NOR 1901 1753 2146
NOR 12 1834 2147
AND 1757 2074 2148
XOR 1638 1834 2149
AND 2074 1627 2150
XNOR 1992 2084 2151
AND 16 1930 2152
NAND 5 10 2153
XNOR 9 12 2154
XOR 1994 19 2155
XOR 1841 1636 2156
NAND 1823 11 2157
NOR 2146 1803 2158
NAND 1710 2 2159
OR 1868 1842 2160
NAND 1648 1841 2161
OR 2078 1700 2162
AND 2137 2060 2163
AND 2002 7 2164
XOR 3 1969 2165
NOR 1698 1797 2166
XOR 7 1748 2167
XOR 1846 4 2168
OR 1652 1670 2169
OR 2020 1682 2170
XOR 1908 1635 2171
XOR 1787 8 2172
NAND 2155 1983 2173
OR 1992 9 2174
AND 13 17 2175
OR 1706 1986 2176
AND 1780 2082 2177
XOR 1985 2060 2178
OR 1835 8 2179
XNOR 1935 3 2180
XOR 2137 2128 2181
AND 13 17 2182
NOR 2064 1872 2183
XOR 2053 2163 2184
NAND 2002 1738 2185
AND 1766 2155 2186
XNOR 1933 1674 2187
AND 15 11 2188
NOR 1798 1747 2189
NOR 20 2147 2190
NAND 1714 1705 2191
XOR 21 1972 2192
OR 1743 2002 2193
AND 1972 21 2194
NOR 2022 11 2195
NOR 2147 1809 2196
OR 21 2060 2197
NOR 1859 1694 2198
OR 2 2099 2199
OR 2 2147 2200
NOR 18 2039 2201
NOR 7 1834 2202
NAND 6 2042 2203
AND 1656 1931 2204
AND 15 6 2205
NOR 4 1664 2206
OR 1720 1807 2207
XNOR 3 2071 2208
XNOR 1902 2065 2209
XNOR 7 9 2210
AND 7 2137 2211
NAND 1776 2177 2212
OR 2071 0 2213
XNOR 5 1716 2214
OR 6 16 2215
XNOR 2087 2034 2216
NAND 2082 12 2217
NAND 2132 0 2218
OR 15 1928 2219
NAND 8 1818 2220
AND 1870 1830 2221
OR 2218 9 2222
XNOR 2161 1942 2223
AND 2023 2 2224
NOR 18 14 2225
AND 11 2 2226
XNOR 2060 1820 2227
NOR 1 1684 2228
AND 2105 2103 2229
AND 1676 21 2230
OR 1800 13 2231
NAND 2089 2072 2232
NAND 3 2211 2233
NOR 1939 15 2234
XNOR 2192 5 2235
NOR 1947 2 2236
XNOR 1846 16 2237
NOR 1735 2191 2238
XNOR 4 17 2239
NAND 1736 2198 2240
AND 1826 2212 2241
OR 1810 12 2242
NOR 9 10 2243
NAND 11 1882 2244
NAND 1 14 2245
XOR 4 11 2246
XOR 3 2166 2247
NOR 1965 1914 2248
OR 2051 1717 2249
XNOR 1734 8 2250
NAND 1910 4 2251
XOR 2101 1949 2252
OR 10 1729 2253
OR 2093 1855 2254
XNOR 2017 1752 2255
NAND 2161 1970 2256
AND 17 13 2257
NAND 2138 1884 2258
XOR 2173 16 2259
XNOR 1779 13 2260
XNOR 2174 2143 2261
OR 1930 20 2262
XNOR 2138 1840 2263
NAND 15 2026 2264
NOR 20 2007 2265
NAND 1835 4 2266
XOR 2025 1983 2267
XNOR 1848 1944 2268
NOR 1821 1891 2269
NOR 19 2253 2270
NAND 2108 2063 2271
AND 2 7 2272
OR 1738 13 2273
XNOR 18 1868 2274
XOR 2067 1788 2275
OR 18 2214 2276
NOR 1 1907 2277
OR 2081 1892 2278
NOR 2252 2272 2279
OR 2041 12 2280
XNOR 1980 2248 2281
AND 3 4 2282
XNOR 2206 6 2283
XOR 21 2139 2284
XNOR 1860 10 2285
OR 2157 2 2286
XNOR 10 1825 2287
XNOR 10 18 2288
AND 2229 1844 2289
OR 2031 20 2290
OR 2115 2088 2291
OR 2277 17 2292
NAND 1783 2172 2293
XNOR 21 2270 2294
AND 2287 2163 2295
XNOR 2239 1923 2296
XNOR 2188 17 2297
XNOR 1817 1907 2298
NOR 1810 2008 2299
XOR 2244 2135 2300
NAND 1925 7 2301
NAND 2085 2079 2302
AND 13 8 2303
NOR 1943 1977 2304
NOR 2126 9 2305
XOR 2224 1965 2306
AND 2076 1 2307
OR 2235 2289 2308
XOR 2022 1850 2309
NOR 19 2183 2310
XOR 2267 14 2311
AND 18 1829 2312
NAND 2161 3 2313
OR 2280 1850 2314
XOR 2154 2185 2315
NOR 19 2029 2316
XOR 1912 1749 2317
NAND 13 1931 2318
NOR 1862 1871 2319
AND 15 2201 2320
NOR 1746 1858 2321
OR 2073 2200 2322
AND 2247 2104 2323
NAND 7 1939 2324
XOR 1790 1884 2325
AND 2316 14 2326
XNOR 2022 7 2327
NAND 2107 5 2328
XOR 2254 1763 2329
NOR 2177 11 2330
NAND 1900 9 2331
XOR 1953 2046 2332
NAND 2297 2292 2333
XOR 2112 1968 2334
AND 7 2148 2335
AND 21 1919 2336
NOR 2253 2045 2337
AND 1965 2053 2338
NOR 11 1947 2339
XOR 2296 14 2340
NAND 18 1911 2341
XOR 1924 2139 2342
AND 1868 6 2343
AND 2164 2224 2344
XOR 2215 1953 2345
XOR 1856 14 2346
NOR 2125 15 2347
XOR 2002 2140 2348
XNOR 2347 1828 2349
NOR 2025 1874 2350
NOR 1796 10 2351
AND 2091 17 2352
XNOR 19 1993 2353
XNOR 1905 1860 2354
AND 7 2048 2355
NAND 2167 2002 2356
XNOR 2095 1804 2357
XOR 2212 1815 2358
XNOR 2196 6 2359
NAND 2292 3 2360
XOR 2062 13 2361
AND 2178 2134 2362
NAND 1940 1952 2363
OR 1861 8 2364
OR 17 2289 2365
XOR 1806 2298 2366
AND 0 2163 2367
OR 16 2047 2368
XOR 2167 2103 2369
NAND 1933 2317 2370
OR 2038 2136 2371
NAND 20 2 2372
OR 0 2353 2373
AND 13 2151 2374
XNOR 2208 2209 2375
AND 2113 2357 2376
XOR 2267 0 2377
XOR 11 1938 2378
NAND 4 8 2379
OR 2103 2241 2380
AND 1956 2094 2381
NOR 1 20 2382
AND 8 1849 2383
OR 1934 2035 2384
NOR 2279 1904 2385
XOR 2123 5 2386
XNOR 2048 2328 2387
XOR 2113 2380 2388
AND 19 21 2389
XNOR 1 2292 2390
XNOR 10 1949 2391
XOR 1826 1975 2392
AND 1997 7 2393
AND 1962 2336 2394
NOR 2284 2058 2395
NOR 2049 1997 2396
NAND 2200 2133 2397
NAND 2190 1920 2398
NOR 2005 14 2399
XOR 11 1838 2400
XNOR 2015 2178 2401
XNOR 12 2324 2402
NOR 2329 19 2403
XOR 8 4 2404
XOR 1860 2404 2405
XNOR 2043 2079 2406
NAND 2291 2 2407
NAND 1832 1872 2408
NOR 0 1987 2409
XOR 2124 2107 2410
XOR 2049 4 2411
XNOR 2038 9 2412
NAND 4 2254 2413
NAND 12 0 2414
OR 1855 2168 2415
NOR 16 2179 2416
XNOR 16 2013 2417
OR 1 5 2418
XNOR 2336 1981 2419
XOR 1908 2116 2420
XOR 5 2413 2421
XNOR 2296 5 2422
OR 1842 2414 2423
XNOR 16 2106 2424
NAND 1896 2134 2425
NOR 2189 1954 2426
XOR 14 2101 2427
NAND 1962 2254 2428
AND 1968 2125 2429
OR 2029 2185 2430
NOR 7 1926 2431
XNOR 2382 16 2432
XNOR 2346 1913 2433
NOR 2061 2169 2434
NAND 13 2006 2435
OR 8 2274 2436
NAND 13 2028 2437
XOR 2404 9 2438
AND 2432 2277 2439
AND 2234 1919 2440
NAND 1865 2271 2441
OR 1960 2342 2442
NOR 2341 21 2443
OR 2126 14 2444
AND 2442 2245 2445
NAND 9 3 2446
XNOR 1987 19 2447
XNOR 7 2007 2448
AND 7 2379 2449
XOR 2164 5 2450
NOR 2 2170 2451
NAND 2237 2228 2452
AND 1912 2086 2453
NAND 2407 7 2454
NAND 2062 2044 2455
AND 1951 16 2456
AND 1945 1878 2457
NOR 2159 2008 2458
NAND 2362 2193 2459
NAND 2274 2235 2460
XNOR 1906 2133 2461
XNOR 2455 2265 2462
XOR 1890 1967 2463
XOR 0 2426 2464
OR 2451 2100 2465
OR 1994 2057 2466
XNOR 2367 2034 2467
NOR 21 2170 2468
XOR 2089 1921 2469
NAND 21 2260 2470
NAND 8 2248 2471
NAND 1866 2129 2472
XNOR 2444 6 2473
NAND 2372 2306 2474
XNOR 2310 21 2475
OR 1876 2246 2476
OR 11 1989 2477
NAND 1921 2076 2478
XOR 2367 6 2479
NOR 1918 1920 2480
NOR 5 2227 2481
OR 11 2173 2482
XOR 1892 20 2483
NOR 6 2367 2484
NAND 2 2270 2485
OR 2320 2095 2486
XNOR 1983 2452 2487
OR 2074 2190 2488
AND 1955 2115 2489
AND 2203 1891 2490
XOR 2065 2001 2491
OR 2375 1916 2492
NAND 2377 16 2493
XOR 6 18 2494
XNOR 9 19 2495
AND 2307 2214 2496
XOR 10 2457 2497
NAND 9 8 2498
NAND 10 2302 2499
XNOR 2420 2017 2500
OR 5 2008 2501
XNOR 2231 1929 2502
NOR 1945 1978 2503
AND 2047 13 2504
NAND 4 2248 2505
OR 19 2348 2506
XNOR 2027 2236 2507
OR 2302 2206 2508
OR 2068 2053 2509
XOR 11 2386 2510
NAND 17 2087 2511
OR 1990 2051 2512
AND 2293 3 2513
AND 7 2486 2514
XNOR 21 2277 2515
AND 11 2090 2516
XOR 2446 2167 2517
XOR 2029 2301 2518
NAND 20 2298 2519
AND 1957 2190 2520
AND 9 11 2521
XOR 2048 20 2522
AND 2397 2161 2523
AND 0 1905 2524
NOR 2071 2054 2525
AND 21 2311 2526
XOR 3 1954 2527
XNOR 2459 3 2528
AND 2235 2373 2529
AND 2426 2155 2530
NOR 2261 2399 2531
NOR 2511 2415 2532
NAND 2324 2270 2533
AND 11 2107 2534
OR 2409 21 2535
NOR 14 1999 2536
NAND 2330 20 2537
OR 2398 5 2538
AND 2373 2185 2539
OR 2471 2253 2540
XOR 2212 2517 2541
XOR 21 2119 2542
OR 10 2392 2543
XOR 0 2359 2544
AND 2279 11 2545
NOR 2253 11 2546
OR 0 10 2547
AND 2323 11 2548
XNOR 2225 20 2549
AND 1971 2155 2550
AND 1 2281 2551
XOR 21 3 2552
AND 2285 2090 2553
OR 2528 2153 2554
NAND 12 2333 2555
NAND 7 2064 2556
AND 3 9 2557
AND 5 2136 2558
NAND 2212 2159 2559
NOR 2009 2015 2560
NAND 2220 2369 2561
XNOR 2144 21 2562
NAND 2544 2059 2563
XNOR 2051 21 2564
XNOR 2559 2350 2565
XNOR 2488 2500 2566
OR 2240 15 2567
NOR 1962 12 2568
XNOR 1928 1 2569
NAND 9 17 2570
AND 2087 2171 2571
NAND 2212 7 2572
XNOR 2167 2328 2573
NAND 2083 2114 2574
XOR 7 1969 2575
OR 2501 18 2576
XNOR 2062 1957 2577
XOR 1979 2386 2578
XOR 2 5 2579
NOR 1980 12 2580
NAND 2186 2078 2581
NAND 2359 2273 2582
XOR 2537 2012 2583
OR 2148 2219 2584
NOR 5 2224 2585
NAND 2137 2253 2586
OR 2390 2236 2587
NOR 2463 2165 2588
XNOR 2135 4 2589
OR 18 2585 2590
XOR 6 2182 2591
XOR 2131 2431 2592
OR 2217 9 2593
OR 15 19 2594
XNOR 0 14 2595
AND 2085 2481 2596
XNOR 2283 2435 2597
XOR 17 2512 2598
AND 2002 4 2599
OR 2227 4 2600
XNOR 2176 2070 2601
NOR 12 17 2602
OR 17 18 2603
OR 18 2079 2604
AND 4 10 2605
XNOR 8 2499 2606
OR 13 2373 2607
AND 11 2305 2608
XOR 19 1 2609
XNOR 2124 2304 2610
AND 12 2047 2611
XOR 2494 13 2612
AND 2277 2144 2613
XOR 2018 2565 2614
NOR 2439 2505 2615
OR 2525 2303 2616
NOR 18 2175 2617
NOR 2326 2079 2618
AND 1 2 2619
OR 7 18 2620
OR 2438 4 2621
NOR 2609 14 2622
XOR 21 2390 2623
AND 2112 20 2624
AND 2269 2188 2625
XOR 2397 2345 2626
NAND 13 2182 2627
NOR 2357 2099 2628
AND 2295 2144 2629
OR 2379 2314 2630
XNOR 16 2506 2631
OR 2333 2086 2632
NOR 2268 2070 2633
OR 2046 3 2634
XNOR 2019 2171 2635
XNOR 2383 2308 2636
NAND 2299 2168 2637
AND 2530 2370 2638
XOR 11 2610 2639
XOR 2017 2347 2640
NAND 2217 3 2641
XOR 2024 2539 2642
XNOR 2162 1995 2643
XOR 2146 2492 2644
AND 2519 2269 2645
NOR 21 5 2646
NAND 2523 2031 2647
AND 2 9 2648
NAND 2214 18 2649
XNOR 11 12 2650
OR 2468 21 2651
OR 10 2545 2652
AND 2389 2447 2653
XOR 2394 2496 2654
NOR 4 2538 2655
XOR 2630 21 2656
NOR 2447 2366 2657
OR 3 1 2658
XOR 2148 2444 2659
OR 1 2147 2660
NAND 2250 2561 2661
NOR 2655 21 2662
XNOR 1 18 2663
OR 2214 2589 2664
AND 2300 5 2665
XNOR 2428 2103 2666
NAND 2019 2343 2667
OR 2427 2 2668
OR 2162 2530 2669
XNOR 18 10 2670
NAND 3 2268 2671
NOR 2446 2161 2672
NOR 12 2545 2673
AND 2156 4 2674
AND 16 7 2675
NOR 2175 16 2676
NOR 2120 1 2677
NOR 20 2288 2678
OR 10 2 2679
NAND 4 2432 2680
XNOR 2389 2623 2681
OR 2197 2148 2682
XOR 2073 19 2683
XNOR 2074 2259 2684
OR 2553 0 2685
XNOR 2600 2390 2686
AND 2367 2627 2687
XOR 2084 2149 2688
OR 12 2031 2689
XOR 10 2029 2690
AND 2113 2072 2691
NAND 2 2227 2692
XOR 2419 2417 2693
NAND 2562 2432 2694
NAND 2453 12 2695
XNOR 2 2573 2696
AND 19 10 2697
XOR 21 2679 2698
AND 5 14 2699
NOR 2052 4 2700
XNOR 3 2621 2701
OR 6 7 2702
XOR 2087 13 2703
XNOR 2648 2475 2704
XNOR 2385 2 2705
NAND 2065 2443 2706
NOR 3 2497 2707
XOR 2052 2271 2708
AND 21 2542 2709
AND 2387 2376 2710
OR 2470 3 2711
AND 2448 2077 2712
NOR 2583 2231 2713
OR 2 2102 2714
NOR 2713 17 2715
NAND 16 2451 2716
XOR 2 2369 2717
OR 9 19 2718
XNOR 2570 2324 2719
NOR 2384 6 2720
AND 2566 2705 2721
XNOR 2075 2466 2722
XOR 2 2684 2723
OR 2633 2482 2724
AND 2405 12 2725
OR 2459 7 2726
XOR 2581 0 2727
XOR 2335 2606 2728
XNOR 2372 3 2729
AND 2222 2158 2730
NOR 2425 2156 2731
XNOR 18 2502 2732
NOR 2649 2251 2733
OR 2442 2133 2734
NAND 10 11 2735
XNOR 2094 0 2736
XNOR 2400 2636 2737
NOR 2504 2175 2738
OR 2511 2232 2739
XOR 8 2508 2740
XOR 2284 2064 2741
NOR 2103 2441 2742
XNOR 21 12 2743
XNOR 13 2678 2744
XNOR 2172 2343 2745
NOR 20 2719 2746
XNOR 17 2653 2747
OR 2231 2556 2748
XNOR 2101 14 2749
NAND 2351 2088 2750
NOR 2745 2599 2751
XOR 18 19 2752
OR 18 10 2753
OR 2101 7 2754
XOR 2409 7 2755
OR 2651 6 2756
NOR 8 2520 2757
OR 2617 2475 2758
XNOR 2515 5 2759
NAND 11 2557 2760
XOR 10 17 2761
OR 2372 6 2762
NAND 20 2140 2763
XOR 2110 7 2764
NAND 2699 16 2765
NAND 2434 2458 2766
OR 2595 2710 2767
XOR 2615 15 2768
AND 2582 2137 2769
XNOR 10 2419 2770
XOR 2294 2523 2771
XNOR 2206 2709 2772
NAND 2498 2102 2773
XOR 2502 2634 2774
NAND 6 2239 2775
XNOR 2714 2 2776
AND 2398 17 2777
XNOR 2 14 2778
AND 2758 2756 2779
OR 2701 19 2780
OR 2372 19 2781
AND 1 2367 2782
NOR 2216 12 2783
AND 0 6 2784
OR 2301 2620 2785
XNOR 2260 2252 2786
NAND 2742 2400 2787
NAND 18 2728 2788
AND 2339 2669 2789
OR 2310 6 2790
NOR 0 11 2791
XOR 20 19 2792
XOR 19 21 2793
AND 10 2399 2794
OR 14 2208 2795
NOR 16 2685 2796
NOR 2759 2291 2797
XOR 2175 2154 2798
XNOR 2666 6 2799
OR 2684 2101 2800
NOR 2410 19 2801
NOR 2285 2453 2802
AND 6 2638 2803
NOR 8 2384 2804
XOR 2396 2674 2805
AND 13 2655 2806
XOR 2510 2307 2807
XOR 2758 2296 2808
XOR 9 2619 2809
NOR 0 2544 2810
XOR 2610 6 2811
NAND 2458 2542 2812
NOR 17 7 2813
XNOR 12 2566 2814
OR 2568 2782 2815
NOR 5 2723 2816
NAND 2813 15 2817
XNOR 2639 17 2818
NAND 2494 11 2819
OR 2382 2138 2820
NAND 2615 2719 2821
XNOR 18 6 2822
AND 2631 2687 2823
XOR 2528 4 2824
XOR 2183 2178 2825
NOR 2258 2327 2826
XOR 2596 12 2827
NAND 4 2 2828
NOR 20 2618 2829
AND 2393 2701 2830
NAND 2 7 2831
NAND 12 2662 2832
OR 14 2562 2833
AND 2757 0 2834
OR 12 2780 2835
NOR 10 2 2836
XOR 2759 2709 2837
OR 17 1 2838
NAND 2773 2273 2839
OR 2728 2558 2840
XOR 2348 2136 2841
NOR 10 2806 2842
OR 0 2265 2843
AND 2304 2586 2844
XOR 2547 2571 2845
OR 11 2506 2846
NOR 2193 2264 2847
XOR 2775 2323 2848
OR 3 2629 2849
NAND 2570 2633 2850
AND 2388 2433 2851
XNOR 7 2557 2852
NAND 2525 2390 2853
XNOR 5 2142 2854
AND 2303 2552 2855
NAND 2213 2490 2856
OR 2760 2433 2857
XNOR 2480 2565 2858
NOR 1 0 2859
NAND 2295 2296 2860
OR 19 2292 2861
NOR 2363 21 2862
NAND 2543 13 2863
OR 16 2862 2864
XOR 2590 11 2865
NAND 3 2696 2866
AND 2450 2 2867
NOR 2161 1 2868
XNOR 13 2377 2869
XOR 2804 14 2870
AND 2388 2560 2871
XNOR 2193 2500 2872
OR 20 2354 2873
NOR 2702 2165 2874
NAND 2798 13 2875
NAND 19 7 2876
AND 2712 20 2877
XNOR 2170 4 2878
XOR 2854 2835 2879
NAND 2874 2192 2880
NAND 8 17 2881
XOR 2279 3 2882
NAND 18 16 2883
NOR 2397 2349 2884
NOR 2445 12 2885
NAND 2501 2447 2886
AND 2456 11 2887
OR 2415 21 2888
OR 2332 2258 2889
XOR 2419 2563 2890
NAND 4 6 2891
XNOR 2288 2227 2892
OR 9 2398 2893
XOR 2804 8 2894
OR 2235 17 2895
OR 2399 2613 2896
AND 1 2687 2897
NAND 2496 5 2898
XNOR 17 2596 2899
OR 2562 2695 2900
OR 15 12 2901
NAND 2586 2745 2902
NOR 18 2250 2903
XNOR 2625 2299 2904
XNOR 2404 15 2905
NAND 15 2328 2906
NOR 2390 2546 2907
NAND 2588 2471 2908
OR 2660 2710 2909
XNOR 2375 19 2910
NOR 2410 2718 2911
NOR 2279 8 2912
NAND 2308 6 2913
OR 9 2481 2914
NOR 2657 2631 2915
NOR 2858 2750 2916
XNOR 2639 2317 2917
AND 2453 2740 2918
XNOR 2374 2308 2919
NAND 2373 2436 2920
XOR 2531 2388 2921
NOR 15 10 2922
NAND 2740 19 2923
XOR 2746 2302 2924
NOR 2480 12 2925
XNOR 2577 2244 2926
XNOR 2202 2547 2927
XNOR 2593 21 2928
NAND 2364 7 2929
XNOR 14 2529 2930
NOR 2814 2322 2931
OR 2757 2519 2932
XNOR 1 2365 2933
NOR 2428 2249 2934
OR 2585 18 2935
XNOR 19 15 2936
XOR 2533 9 2937
OR 6 17 2938
NOR 10 14 2939
AND 2811 2729 2940
XNOR 2805 4 2941
NAND 2657 2607 2942
AND 2213 2755 2943
NOR 2324 2676 2944
AND 2880 2455 2945
XNOR 2575 2701 2946
AND 2472 13 2947
NAND 4 2311 2948
NAND 18 2931 2949
NOR 7 19 2950
XNOR 2328 2851 2951
XOR 11 2858 2952
XNOR 2553 2642 2953
OR 2596 2566 2954
OR 2316 8 2955
NOR 2810 16 2956
NOR 2355 8 2957
OR 2548 2292 2958
OR 2281 2265 2959
NOR 2638 7 2960
AND 2800 2780 2961
NAND 3 2668 2962
XOR 11 1 2963
OR 10 2890 2964
NOR 7 2957 2965
AND 2558 6 2966
NAND 6 7 2967
AND 2574 2877 2968
NAND 2829 2306 2969
XOR 2651 18 2970
XOR 2456 2319 2971
NOR 15 2894 2972
NOR 18 8 2973
NOR 2712 2319 2974
OR 2532 2435 2975
NOR 3 8 2976
XNOR 2289 2557 2977
NOR 2954 2431 2978
OR 2291 3 2979
XNOR 2429 2888 2980
XNOR 2956 2470 2981
NOR 2704 11 2982
XOR 2523 2395 2983
OR 16 2459 2984
XNOR 2704 2804 2985
XOR 3 2514 2986
OR 16 2881 2987
XOR 2470 2406 2988
NOR 2435 2356 2989
OR 2726 2303 2990
XNOR 15 2940 2991
AND 2361 2 2992
XOR 2983 2424 2993
OR 2317 0 2994
XNOR 2279 2 2995
NOR 17 2604 2996
AND 2689 2446 2997
NAND 2312 2652 2998
XNOR 2584 20 2999
OR 2479 2953 3000
NOR 2631 2660 3001
OR 15 2592 3002
AND 2532 2824 3003
NAND 13 2615 3004
NOR 2926 2514 3005
NOR 2446 3004 3006
OR 2557 1 3007
NAND 2628 2871 3008
XOR 2277 2935 3009
OR 2610 2840 3010
NOR 2884 2842 3011
NAND 2642 2259 3012
XOR 2280 0 3013
NAND 1 3 3014
NOR 2579 2848 3015
XNOR 20 3003 3016
AND 2 2374 3017
AND 2354 2267 3018
AND 2595 18 3019
XNOR 4 2279 3020
NOR 2437 2469 3021
NAND 12 11 3022
NAND 2968 1 3023
AND 8 2308 3024
NOR 14 2330 3025
NAND 3 2754 3026
AND 5 18 3027
OR 2748 2692 3028
NOR 6 17 3029
NOR 2487 2296 3030
AND 2821 2746 3031
NOR 2638 3001 3032
NOR 2519 2289 3033
XNOR 2882 2342 3034
XNOR 6 2296 3035
NOR 2757 19 3036
XNOR 2687 2736 3037
NAND 2714 3017 3038
OR 2454 2736 3039
AND 3030 2572 3040
AND 2837 2988 3041
NAND 8 2742 3042
XOR 19 2613 3043
AND 2942 20 3044
AND 2491 2946 3045
XOR 2538 2692 3046
OR 2706 2865 3047
OR 2709 15 3048
NOR 2561 2795 3049
XOR 2844 2826 3050
XOR 13 6 3051
NOR 2397 17 3052
AND 2741 2949 3053
NAND 3 4 3054
OR 2873 2540 3055
AND 4 2912 3056
OR 2663 2634 3057
XOR 2948 4 3058
NOR 2727 2858 3059
NAND 9 2676 3060
XNOR 2597 2845 3061
XNOR 20 2500 3062
NOR 2543 2656 3063
NOR 2448 2435 3064
XOR 14 3060 3065
XOR 2632 2813 3066
XNOR 2610 0 3067
XOR 9 2609 3068
NAND 12 15 3069
OR 2744 2555 3070
XNOR 4 7 3071
NAND 3 2577 3072
OR 2368 10 3073
NOR 2940 16 3074
OR 2328 2933 3075
NOR 4 15 3076
XOR 2868 2725 3077
NAND 2485 2547 3078
XNOR 2579 2335 3079
XNOR 8 0 3080
AND 2663 2673 3081
AND 2495 2418 3082
XOR 10 4 3083
NOR 17 2989 3084
NAND 16 2736 3085
NAND 21 11 3086
NOR 2801 12 3087
AND 16 2813 3088
OR 2772 3 3089
XOR 2903 16 3090
NAND 3077 2376 3091
XOR 2867 9 3092
XOR 2328 2402 3093
XNOR 2735 2428 3094
XNOR 2581 2463 3095
XNOR 5 0 3096
XOR 2607 21 3097
NOR 2419 2479 3098
NAND 2591 3071 3099
OR 16 2547 3100
AND 2707 2975 3101
NOR 2758 3083 3102
XNOR 3084 2817 3103
XNOR 2682 2791 3104
XOR 2615 18 3105
NOR 2845 2850 3106
OR 2623 8 3107
NAND 2647 2399 3108
NAND 2361 16 3109
XNOR 2926 2955 3110
NAND 2697 2681 3111
XOR 2917 2949 3112
NOR 2357 3023 3113
NAND 21 2 3114
AND 3008 2689 3115
AND 15 2631 3116
XOR 2833 2579 3117
NAND 2475 2519 3118
AND 3004 2358 3119
XNOR 18 2595 3120
XOR 2450 3067 3121
OR 11 21 3122
NAND 2847 2992 3123
XOR 2996 3065 3124
XOR 2994 2616 3125
OR 1 2822 3126
NAND 11 6 3127
NOR 0 18 3128
NOR 3081 16 3129
OR 12 2603 3130
NOR 9 13 3131
XOR 4 3 3132
AND 16 3121 3133
XNOR 2794 2590 3134
XNOR 2946 2967 3135
XNOR 2708 3 3136
XOR 2 3084 3137
NOR 2760 2534 3138
NOR 3049 2488 3139
AND 15 2925 3140
NAND 3104 20 3141
XNOR 2701 2361 3142
NOR 2758 2745 3143
XOR 0 16 3144
OR 2807 2 3145
AND 2 3017 3146
AND 2631 2829 3147
XOR 2475 2431 3148
OR 3107 2394 3149
XOR 3028 2658 3150
OR 2575 2555 3151
NAND 2889 2983 3152
OR 2575 2593 3153
XOR 2986 2972 3154
XOR 2518 18 3155
NAND 15 4 3156
XNOR 10 1 3157
NOR 15 2899 3158
NOR 2512 2 3159
NAND 2523 14 3160
AND 2680 3111 3161
XOR 2413 2828 3162
NAND 2549 3043 3163
OR 3049 2874 3164
OR 3036 2626 3165
XNOR 2805 16 3166
AND 14 0 3167
AND 2704 2793 3168
NAND 2746 2458 3169
OR 20 2686 3170
XOR 2380 2903 3171
NAND 3104 2853 3172
NAND 2967 14 3173
XOR 16 2437 3174
XNOR 5 2934 3175
XOR 2552 15 3176
XOR 2 2854 3177
NOR 2443 3008 3178
NAND 2744 2650 3179
XOR 2499 2926 3180
NAND 3024 13 3181
NOR 21 0 3182
NOR 1 8 3183
NAND 2748 2587 3184
AND 3042 2728 3185
NAND 2642 12 3186
AND 2425 2585 3187
XNOR 12 13 3188
OR 2508 2524 3189
OR 15 2546 3190
OR 3107 2474 3191
NOR 2845 2652 3192
NAND 2761 2893 3193
XOR 2996 7 3194
OR 3100 2963 3195
AND 17 2794 3196
AND 3046 2469 3197
AND 2995 3157 3198
NOR 2703 8 3199
AND 18 2547 3200
NAND 13 2621 3201
NOR 3009 3192 3202
NAND 2803 21 3203
XOR 3028 19 3204
OR 3000 2969 3205
NAND 2708 2685 3206
AND 2869 2798 3207
AND 2705 2984 3208
XNOR 19 7 3209
NAND 2472 2761 3210
XNOR 7 3209 3211
NAND 2789 3109 3212
AND 2928 2819 3213
XOR 17 21 3214
OR 3 12 3215
NOR 3020 2741 3216
NOR 2 3175 3217
XNOR 10 21 3218
XOR 8 2671 3219
AND 2887 2650 3220
OR 3148 2875 3221
AND 11 2575 3222
NOR 14 17 3223
XNOR 2710 2655 3224
XOR 2671 2847 3225
AND 21 19 3226
XNOR 3179 8 3227
AND 12 11 3228
OR 2562 10 3229
XOR 2474 2865 3230
XNOR 2920 5 3231
NAND 3 2972 3232
AND 2763 2693 3233
AND 2468 3086 3234
AND 20 2513 3235
NAND 2727 4 3236
XNOR 2870 2500 3237
XNOR 2900 3193 3238
OR 2741 2874 3239
NAND 3102 3053 3240
OR 7 19 3241
NOR 2469 3066 3242
NAND 3049 2590 3243
OR 16 2604 3244
OR 2547 9 3245
XOR 2712 2460 3246
NOR 3107 2869 3247
XNOR 2834 2567 3248
NAND 18 2757 3249
AND 3109 8 3250
AND 2986 3139 3251
OR 12 2983 3252
OR 2874 8 3253
NOR 13 20 3254
AND 2918 2972 3255
XOR 2768 2507 3256
AND 9 2526 3257
AND 2558 2874 3258
NOR 18 2854 3259
OR 4 2622 3260
XNOR 3030 2686 3261
AND 17 2 3262
NAND 2922 2456 3263
NOR 2983 10 3264
NAND 16 2510 3265
XNOR 2758 2589 3266
AND 2643 2743 3267
OR 2740 3073 3268
AND 11 2988 3269
XOR 18 12 3270
XOR 2813 2638 3271
XNOR 14 11 3272
OR 18 12 3273
XNOR 9 3238 3274
XNOR 2549 2721 3275
XOR 2515 2834 3276
XNOR 2622 3063 3277
NAND 0 3191 3278
NAND 2943 3197 3279
NOR 2840 3036 3280
NOR 3126 2572 3281
OR 15 2903 3282
OR 2708 3247 3283
NAND 20 2740 3284
NOR 5 3184 3285
OR 15 1 3286
OR 2641 2659 3287
AND 2542 0 3288
XOR 7 2601 3289
NOR 3152 13 3290
XNOR 2904 3256 3291
NOR 6 19 3292
NOR 14 21 3293
OR 2606 3027 3294
XOR 14 3020 3295
NOR 3069 2836 3296
NAND 2486 2948 3297
XNOR 2665 12 3298
XOR 7 2574 3299
NAND 3094 2572 3300
AND 2522 3009 3301
OR 6 2570 3302
XNOR 7 2567 3303
XOR 2524 2818 3304
NAND 2673 3215 3305
NOR 16 8 3306
XOR 3069 13 3307
NAND 7 19 3308
XOR 14 2561 3309
NAND 2508 3060 3310
NOR 3301 3228 3311
XOR 2827 3306 3312
OR 4 3073 3313
XOR 3151 3073 3314
OR 3294 2945 3315
NAND 2704 0 3316
AND 2505 2863 3317
XNOR 16 18 3318
NOR 3 11 3319
NAND 6 15 3320
NAND 2998 2782 3321
XOR 2564 3277 3322
AND 2659 3128 3323
AND 2796 2700 3324
XOR 0 2704 3325
XNOR 5 2705 3326
AND 2685 18 3327
NOR 3324 3101 3328
XOR 2928 3066 3329
NAND 2605 3046 3330
XNOR 2685 17 3331
XNOR 2941 3165 3332
AND 3231 3165 3333
XOR 2818 2808 3334
OR 2754 2984 3335
NOR 3287 2885 3336
AND 1 10 3337
XNOR 2965 3141 3338
XNOR 5 2589 3339
NOR 2790 17 3340
NOR 3 2533 3341
XOR 3052 3 3342
XOR 0 3060 3343
NOR 2598 16 3344
XNOR 2965 2615 3345
AND 3248 2834 3346
AND 3014 3286 3347
XOR 2909 2704 3348
NOR 3018 2610 3349
AND 3226 16 3350
OR 3173 19 3351
OR 8 7 3352
AND 16 2715 3353
XNOR 21 2875 3354
OR 3353 2868 3355
NOR 3059 20 3356
XOR 2879 3064 3357
XNOR 2565 2813 3358
OR 2645 2546 3359
XNOR 2695 6 3360
OR 2952 2826 3361
AND 2835 11 3362
NAND 1 3052 3363
XNOR 2956 2866 3364
AND 2747 2955 3365
XNOR 3299 2610 3366
XOR 3098 2814 3367
NAND 18 3207 3368
XOR 2659 9 3369
XNOR 21 2605 3370
AND 2720 3 3371
NAND 3240 10 3372
OR 3215 19 3373
NOR 3302 2850 3374
NOR 2661 2987 3375
NAND 2776 2886 3376
NAND 3281 7 3377
OR 2684 2849 3378
OR 2784 3108 3379
XNOR 2934 2674 3380
XOR 2773 3192 3381
NOR 2586 2567 3382
XNOR 2551 2601 3383
XOR 3229 3241 3384
XOR 2734 2735 3385
NOR 2714 2544 3386
AND 3041 12 3387
XOR 2 2730 3388
OR 2848 16 3389
XOR 2998 3158 3390
XNOR 3138 3202 3391
XOR 2827 0 3392
NAND 2580 2788 3393
NAND 11 3021 3394
OR 14 3162 3395
XNOR 6 3209 3396
NAND 3135 2 3397
XNOR 17 3236 3398
AND 2655 2622 3399
AND 3022 20 3400
AND 3202 2970 3401
NAND 3062 3322 3402
XOR 3186 20 3403
OR 3376 3308 3404
XNOR 2967 18 3405
NAND 2602 2881 3406
XNOR 2654 3258 3407
OR 2946 16 3408
OR 2725 7 3409
OR 5 9 3410
OR 3305 3042 3411
NAND 9 2682 3412
XNOR 2621 7 3413
XNOR 11 18 3414
AND 2989 3127 3415
OR 2916 12 3416
NAND 3370 3307 3417
NOR 2656 3411 3418
NOR 8 2714 3419
NOR 17 8 3420
XNOR 3236 15 3421
NAND 2654 3087 3422
XOR 3240 2569 3423
XNOR 2905 3057 3424
XOR 3307 3051 3425
XNOR 11 12 3426
XNOR 3010 3320 3427
XOR 3276 13 3428
XOR 14 3083 3429
AND 2963 2657 3430
XNOR 3239 3421 3431
XNOR 3 1 3432
XNOR 3142 3211 3433
OR 2620 15 3434
AND 21 3320 3435
NAND 3370 2643 3436
XOR 3219 0 3437
XNOR 16 3361 3438
NAND 3391 8 3439
OR 2774 2730 3440
AND 18 1 3441
AND 8 2670 3442
NAND 2740 8 3443
NOR 3182 3278 3444
XNOR 21 2645 3445
NAND 2932 2652 3446
OR 3229 2778 3447
XNOR 20 3244 3448
AND 2857 15 3449
XOR 1 19 3450
NAND 21 2715 3451
XOR 4 3181 3452
AND 3327 1 3453
NOR 2942 3360 3454
OR 3289 3311 3455
AND 2 2754 3456
XNOR 2 2845 3457
XOR 2968 17 3458
XNOR 5 2780 3459
NAND 3098 3201 3460
NOR 2792 2918 3461
NOR 3 3397 3462
AND 5 3265 3463
XNOR 2991 3404 3464
XOR 9 7 3465
NOR 2675 2961 3466
NAND 2769 3010 3467
AND 2809 21 3468
OR 3179 3355 3469
NOR 18 3280 3470
NOR 9 2743 3471
OR 5 3414 3472
NOR 3406 2971 3473
AND 2849 3298 3474
NOR 3009 2710 3475
AND 2713 2707 3476
XOR 3005 3426 3477
NOR 2645 3307 3478
AND 16 12 3479
XNOR 3469 3470 3480
NOR 5 2948 3481
XNOR 2756 21 3482
OR 19 2844 3483
OR 3452 9 3484
XOR 3476 3421 3485
NAND 3014 3261 3486
NOR 3305 2709 3487
AND 19 9 3488
XNOR 3215 3337 3489
XOR 2973 3422 3490
XOR 3301 14 3491
XOR 0 5 3492
NAND 3348 8 3493
XNOR 3118 2686 3494
NAND 3428 2950 3495
NOR 0 3080 3496
OR 2 6 3497
NAND 1 3088 3498
AND 1 2710 3499
AND 3162 3374 3500
XOR 20 2798 3501
NAND 3219 3188 3502
XNOR 3496 20 3503
XNOR 3084 3458 3504
XNOR 3196 3181 3505
XOR 3 3124 3506
AND 2639 2733 3507
NOR 3003 9 3508
XOR 2846 2857 3509
OR 9 3418 3510
XOR 3383 3367 3511
NAND 3 2893 3512
OR 14 3024 3513
XNOR 3130 16 3514
AND 13 3225 3515
NAND 2 2817 3516
XNOR 2867 2919 3517
XNOR 2669 8 3518
XNOR 3120 3109 3519
XOR 9 4 3520
NOR 3332 3392 3521
AND 3311 2990 3522
AND 19 2700 3523
XOR 2975 2919 3524
AND 19 5 3525
XNOR 4 3343 3526
OR 2720 10 3527
XNOR 8 3093 3528
NOR 3083 2762 3529
XOR 18 2 3530
XOR 3422 2842 3531
XOR 2839 3279 3532
NAND 2730 2843 3533
XNOR 3121 3505 3534
NOR 3080 3396 3535
OR 18 4 3536
AND 14 11 3537
AND 3255 3120 3538
XOR 2855 2675 3539
NAND 2891 14 3540
XOR 3034 3304 3541
NAND 3189 2750 3542
XNOR 3423 2769 3543
OR 12 16 3544
XOR 3342 2920 3545
XOR 6 18 3546
NAND 3323 3402 3547
NOR 4 2726 3548
NAND 2831 12 3549
AND 2940 2937 3550
XOR 3291 2815 3551
XNOR 3205 3143 3552
AND 8 13 3553
AND 3456 2685 3554
XOR 3184 2843 3555
OR 3098 3103 3556
OR 3024 3245 3557
AND 2933 2794 3558
OR 2990 17 3559
OR 2717 3187 3560
AND 2938 3543 3561
NOR 2677 3511 3562
NOR 3454 2730 3563
XNOR 3066 3475 3564
NAND 3128 3332 3565
OR 3065 2742 3566
XOR 2912 3394 3567
NAND 3139 3503 3568
NAND 3566 3248 3569
XNOR 3126 2702 3570
AND 3166 5 3571
AND 1 3244 3572
XOR 3571 2759 3573
XNOR 2950 3417 3574
OR 2 2797 3575
XOR 2842 3273 3576
NOR 2732 3510 3577
XNOR 6 18 3578
XNOR 3555 3497 3579
NAND 2758 3407 3580
NAND 3134 6 3581
XNOR 3379 2758 3582
OR 14 2962 3583
XNOR 3227 6 3584
AND 3006 3348 3585
XNOR 3537 9 3586
AND 2875 3558 3587
NAND 3165 3361 3588
OR 2989 5 3589
AND 3387 3022 3590
AND 3259 9 3591
XNOR 3032 3420 3592
AND 3239 17 3593
OR 3481 3579 3594
NAND 13 16 3595
NOR 18 3511 3596
XNOR 11 2898 3597
XOR 12 3309 3598
XOR 3468 7 3599
XNOR 3174 6 3600
XOR 3506 3035 3601
NOR 3070 2840 3602
AND 3495 3063 3603
OR 2783 2750 3604
NOR 3089 3064 3605
XOR 3481 2726 3606
XOR 2902 3578 3607
NAND 2797 3530 3608
XOR 21 2986 3609
NOR 3488 19 3610
NAND 3485 3134 3611
AND 2967 3287 3612
NOR 3433 3085 3613
NOR 3089 3237 3614
XOR 3116 3157 3615
NOR 3397 16 3616
NAND 19 3350 3617
NOR 3513 4 3618
XOR 16 17 3619
AND 2983 3308 3620
NAND 2966 3 3621
OR 3207 3454 3622
NAND 3587 2917 3623
XNOR 3495 5 3624
XOR 19 3355 3625
NAND 2 3118 3626
NAND 1 3460 3627
XNOR 3502 3 3628
AND 3235 16 3629
OR 5 3407 3630
XOR 3546 2993 3631
XOR 3372 14 3632
XOR 3303 2980 3633
NAND 2759 3084 3634
NAND 3529 3556 3635
XOR 3626 3124 3636
XOR 3152 2749 3637
NOR 13 21 3638
XNOR 3223 2786 3639
XNOR 2993 5 3640
NOR 3194 2883 3641
NOR 2984 17 3642
OR 3021 3279 3643
NOR 17 2759 3644
NOR 3338 3494 3645
XOR 3451 3446 3646
XOR 2763 3458 3647
XOR 3319 3061 3648
OR 2909 3059 3649
AND 3085 3368 3650
XNOR 2835 2868 3651
XNOR 2992 3160 3652
NAND 2827 3472 3653
AND 3419 3363 3654
XOR 2975 7 3655
XOR 3448 3059 3656
XOR 3349 18 3657
XNOR 3027 3141 3658
OR 2 2998 3659
AND 3222 9 3660
NOR 2848 2946 3661
NOR 3328 3265 3662
XOR 2836 2781 3663
NAND 3062 3409 3664
NOR 3432 20 3665
NOR 3042 3545 3666
AND 2820 7 3667
XNOR 3235 2799 3668
OR 3632 3360 3669
XNOR 3081 2858 3670
NAND 8 14 3671
XNOR 2915 7 3672
OR 16 2989 3673
NAND 3607 3122 3674
XNOR 3104 3618 3675
AND 3 2816 3676
NAND 2866 3105 3677
NOR 14 17 3678
AND 3436 14 3679
XOR 2871 2785 3680
AND 3304 5 3681
XNOR 2797 2961 3682
AND 18 3342 3683
NAND 21 1 3684
NAND 3420 11 3685
OR 18 2 3686
XOR 4 10 3687
AND 3357 2853 3688
NOR 3633 3332 3689
NOR 3592 2966 3690
AND 2901 16 3691
NOR 3477 3319 3692
OR 3163 3586 3693
NAND 3192 0 3694
XOR 9 3327 3695
XNOR 3173 3639 3696
XOR 5 3199 3697
AND 3099 3679 3698
XOR 3672 2775 3699
AND 1 3193 3700
AND 3365 3163 3701
AND 2957 3403 3702
NAND 4 12 3703
OR 3293 0 3704
NOR 3359 3414 3705
XNOR 4 2787 3706
AND 17 3683 3707
NAND 3007 3022 3708
NAND 9 3208 3709
AND 12 3507 3710
OR 3010 0 3711
XOR 3103 9 3712
NAND 3375 3546 3713
XOR 3428 3176 3714
NOR 3013 3085 3715
NOR 9 18 3716
XNOR 3412 3513 3717
XNOR 3170 10 3718
OR 7 3676 3719
AND 19 3308 3720
XOR 17 2968 3721
AND 3680 17 3722
NAND 18 2820 3723
AND 3097 8 3724
XNOR 3663 2952 3725
NOR 13 3607 3726
XNOR 3132 3373 3727
NOR 3163 3228 3728
NAND 17 3475 3729
AND 3351 2826 3730
NAND 8 10 3731
AND 3612 11 3732
NOR 2 3562 3733
AND 18 3211 3734
NOR 3063 2862 3735
XNOR 3247 1 3736
OR 3574 14 3737
NOR 3460 15 3738
XOR 3334 2925 3739
XNOR 3464 3204 3740
NAND 13 18 3741
AND 8 3384 3742
XOR 3537 3196 3743
XOR 3194 4 3744
OR 2 1 3745
NOR 3349 16 3746
XNOR 3653 13 3747
XNOR 3194 3077 3748
NAND 8 3059 3749
OR 6 4 3750
NAND 3545 2933 3751
AND 3279 2992 3752
AND 14 3744 3753
AND 3558 15 3754
XNOR 3488 2973 3755
AND 19 2974 3756
NAND 7 3477 3757
AND 3409 2935 3758
OR 9 3482 3759
AND 3107 3099 3760
XNOR 3134 3246 3761
NOR 18 3468 3762
AND 15 20 3763
XOR 3426 8 3764
OR 3278 18 3765
AND 6 3526 3766
XOR 2943 3367 3767
NOR 13 3064 3768
XNOR 7 3574 3769
NOR 3115 3722 3770
XNOR 8 3056 3771
AND 2864 1 3772
OR 3568 3284 3773
NAND 2945 2955 3774
OR 3730 3579 3775
XOR 21 3449 3776
XOR 3265 3242 3777
NAND 20 3243 3778
AND 9 20 3779
AND 3488 3474 3780
NOR 3712 3334 3781
NOR 3342 3616 3782
XNOR 7 2 3783
AND 12 3508 3784
XOR 20 2908 3785
AND 6 3359 3786
XNOR 16 3016 3787
NAND 3651 3402 3788
XOR 3574 3170 3789
AND 3522 3025 3790
OR 3637 14 3791
OR 3 3466 3792
NAND 2970 2957 3793
OR 4 3523 3794
XOR 3170 0 3795
NOR 14 10 3796
XOR 3497 3395 3797
NOR 3702 9 3798
NOR 2910 3 3799
NAND 3067 2 3800
XOR 3683 8 3801
XOR 3411 2910 3802
NAND 19 2960 3803
AND 3707 3037 3804
OR 3100 18 3805
XOR 3063 2873 3806
OR 3550 3210 3807
OR 3137 3067 3808
AND 2942 7 3809
NOR 2864 3561 3810
XNOR 19 3270 3811
XNOR 4 3074 3812
OR 1 3578 3813
XNOR 3033 3398 3814
AND 16 3444 3815
AND 3036 20 3816
NOR 3453 17 3817
NOR 3426 3220 3818
NAND 20 3275 3819
AND 8 3748 3820
XNOR 15 3297 3821
OR 20 3141 3822
AND 3556 3752 3823
XNOR 3499 3304 3824
AND 3070 3539 3825
NOR 7 2885 3826
OR 2 3423 3827
AND 3544 12 3828
XOR 3030 3738 3829
NOR 3632 3054 3830
XNOR 3803 21 3831
OR 19 3333 3832
NOR 2877 3551 3833
AND 15 3030 3834
OR 2889 2888 3835
NOR 3 3274 3836
NOR 0 3273 3837
NOR 3204 3500 3838
NOR 3562 3812 3839
NAND 17 3118 3840
NAND 3 7 3841
NAND 3093 2 3842
NAND 3046 3597 3843
XOR 3368 3281 3844
AND 3722 3067 3845
NAND 21 3421 3846
OR 3365 6 3847
NAND 3756 3472 3848
AND 3182 3421 3849
NOR 3376 3009 3850
NAND 3804 3628 3851
OR 18 3168 3852
NAND 5 3495 3853
XOR 3629 3685 3854
XOR 3058 3518 3855
NOR 3320 11 3856
NOR 3466 3718 3857
NAND 3626 2960 3858
XNOR 3391 21 3859
XOR 17 8 3860
XNOR 3482 3642 3861
XNOR 3517 12 3862
AND 3816 2923 3863
XNOR 3540 5 3864
XNOR 2948 18 3865
NAND 15 19 3866
AND 2966 16 3867
NAND 3850 2912 3868
XOR 8 3470 3869
AND 3853 2924 3870
OR 3388 3571 3871
XOR 3367 14 3872
XNOR 3236 3199 3873
NAND 3707 13 3874
XNOR 3314 3183 3875
XNOR 3414 0 3876
XNOR 19 3101 3877
NAND 3018 3098 3878
XOR 3831 18 3879
XOR 11 3446 3880
XOR 3132 3504 3881
OR 3451 3 3882
OR 7 3072 3883
NAND 3621 17 3884
NOR 6 3236 3885
XOR 2967 3669 3886
NAND 2981 3636 3887
AND 3694 3371 3888
AND 3467 2937 3889
AND 3151 3554 3890
NAND 3409 3414 3891
NAND 3410 3023 3892
XOR 12 11 3893
XNOR 2 3315 3894
AND 3879 7 3895
NAND 3290 3773 3896
NOR 3410 3860 3897
AND 3660 5 3898
AND 2926 3848 3899
XOR 3640 3849 3900
NOR 3245 3393 3901
NOR 3651 3092 3902
NAND 3786 3158 3903
AND 3636 3126 3904
XNOR 3833 2933 3905
NAND 3746 3866 3906
NOR 5 3370 3907
NAND 3244 3874 3908
XOR 13 3829 3909
NOR 3162 15 3910
AND 3575 2988 3911
XNOR 2 7 3912
XNOR 3211 21 3913
NOR 3247 3764 3914
XNOR 7 18 3915
XNOR 3461 3356 3916
NOR 3022 3463 3917
XNOR 3457 3760 3918
XNOR 3762 9 3919
OR 6 3 3920
OR 2958 0 3921
AND 18 3235 3922
AND 11 3169 3923
XNOR 3212 3243 3924
AND 3558 6 3925
XOR 3504 3251 3926
NAND 2 18 3927
NOR 11 9 3928
AND 3472 3874 3929
XNOR 3838 2 3930
XOR 3367 3197 3931
OR 3249 14 3932
XNOR 3171 3160 3933
XOR 2 12 3934
OR 3834 3365 3935
XOR 2973 3882 3936
NAND 3088 3918 3937
NAND 7 20 3938
NAND 3133 3562 3939
XNOR 3176 3306 3940
XNOR 3149 3 3941
OR 3254 3393 3942
XOR 3594 3474 3943
AND 3578 15 3944
OR 12 3063 3945
XOR 8 2 3946
NAND 3762 1 3947
NOR 3406 1 3948
OR 3304 3160 3949
XOR 3481 0 3950
NOR 3 3878 3951
XNOR 12 17 3952
AND 3837 21 3953
NOR 15 6 3954
XOR 3555 18 3955
XOR 3583 3821 3956
XNOR 3365 3509 3957
XOR 3510 3847 3958
OR 3882 3545 3959
AND 3041 3080 3960
NOR 3940 6 3961
NAND 3485 3701 3962
NAND 3097 3794 3963
XNOR 3330 3090 3964
OR 3639 3095 3965
XNOR 21 22 3966
NAND 10 4 3967
NAND 3900 1 3968
OR 8 3268 3969
NOR 3023 3310 3970
AND 3542 3267 3971
AND 3122 10 3972
AND 2988 3636 3973
OR 3585 3220 3974
XNOR 3193 3243 3975
XNOR 3747 3374 3976
XNOR 3367 3240 3977
XNOR 7 3709 3978
XNOR 3879 3310 3979
OR 3347 10 3980
NOR 3466 3269 3981
OR 3491 3888 3982
XOR 3236 3786 3983
XOR 3712 3167 3984
NAND 19 7 3985
XOR 3737 3674 3986
NAND 1718 1377 3987
NAND 2663 1174 3988
AND 3387 376 3989
AND 3110 1662 3990
NOR 686 3213 3991
XNOR 3336 2871 3992
XNOR 3329 2013 3993
OR 1076 1007 3994
XNOR 1613 1676 3995
NAND 3034 2891 3996
AND 1371 2031 3997
OR 923 3597 3998
XOR 2211 3398 3999
NOR 1504 2561 4000
OR 969 3797 4001
AND 3700 3536 4002
NAND 2001 3985 4003
XNOR 2333 382 4004
NAND 1112 1457 4005
NAND 3087 3433 4006
AND 1868 724 4007
NAND 2788 3940 4008
XNOR 2910 3354 4009
AND 130 3295 4010
AND 3778 2400 4011
XNOR 227 2565 4012
XOR 1998 1678 4013
OR 15 17 4014
XNOR 1056 998 4015
NAND 3292 3367 4016
XNOR 562 3834 4017
XNOR 2794 3220 4018
NAND 2801 99 4019
XNOR 1141 2352 4020
AND 282 1466 4021
NOR 1195 1211 4022
OR 2439 3783 4023
OR 3430 1642 4024
AND 1268 3634 4025
OR 2733 2663 4026
NOR 393 3802 4027
NAND 1169 1813 4028
AND 11 4 4029
1 1 0 1 0 1 1 0 1 1 0 1 0 0 1 0 0 1 1 0 1 0 1 0 0 1 0 0 0 1 1 1 1 0 0 0 1 0 0 1 0 1 0