1259
0 1
0 2
1 3
1 4
2 5
4 6
2 7
5 8
4 9
5 10
6 11
9 12
6 13
12 14
7 15
14 16
8 17
12 18
7 19
17 20
11 21
9 22
11 23
15 24
17 25
13 26
10 27
25 28
16 29
8 30
15 31
27 32
27 33
25 34
28 35
35 36
26 37
10 38
22 39
31 40
13 41
16 42
18 43
33 44
42 45
37 46
37 47
45 48
40 49
43 50
19 51
21 52
23 53
44 54
54 55
14 56
33 57
28 58
55 59
18 60
36 61
34 62
49 63
42 64
35 65
19 66
52 67
57 68
50 69
23 70
43 71
24 72
26 73
52 74
40 75
67 76
30 77
73 78
22 79
3 80
34 81
49 82
76 83
59 84
45 85
71 86
76 87
60 88
41 89
77 90
90 91
36 92
65 93
47 94
91 95
30 96
38 97
70 98
48 99
44 100
63 101
59 102
72 103
98 104
63 105
3 106
55 107
58 108
93 109
29 110
62 111
83 112
72 113
87 114
98 115
102 116
116 117
50 118
115 119
31 120
61 121
107 122
104 123
58 124
88 125
109 126
121 127
86 128
120 129
110 130
103 131
61 132
130 133
62 134
70 135
118 136
74 137
104 138
64 139
117 140
140 141
54 142
102 143
68 144
29 145
20 146
41 147
82 148
108 149
53 150
69 151
144 152
143 153
108 154
124 155
48 156
112 157
20 158
107 159
92 160
78 161
38 162
69 163
140 164
106 165
146 166
39 167
144 168
95 169
56 170
99 171
32 172
125 173
103 174
97 175
82 176
112 177
160 178
46 179
172 180
160 181
156 182
51 183
114 184
129 185
74 186
53 187
71 188
86 189
90 190
162 191
145 192
67 193
122 194
190 195
122 196
132 197
157 198
141 199
109 200
178 201
169 202
129 203
173 204
128 205
94 206
113 207
205 208
57 209
209 210
100 211
201 212
83 213
161 214
174 215
188 216
168 217
175 218
167 219
121 220
199 221
87 222
136 223
60 224
164 225
141 226
158 227
167 228
119 229
203 230
200 231
211 232
100 233
157 234
24 235
217 236
177 237
224 238
137 239
84 240
197 241
21 242
105 243
241 244
243 245
198 246
175 247
91 248
223 249
174 250
81 251
206 252
128 253
47 254
153 255
205 256
249 257
242 258
232 259
164 260
240 261
217 262
204 263
250 264
251 265
214 266
150 267
176 268
247 269
120 270
229 271
207 272
171 273
182 274
204 275
113 276
114 277
126 278
275 279
166 280
224 281
99 282
116 283
176 284
97 285
212 286
283 287
105 288
166 289
228 290
115 291
252 292
292 293
46 294
32 295
163 296
235 297
68 298
232 299
278 300
134 301
276 302
168 303
75 304
260 305
288 306
219 307
298 308
235 309
257 310
277 311
251 312
152 313
94 314
299 315
64 316
155 317
266 318
260 319
285 320
75 321
208 322
226 323
194 324
184 325
199 326
313 327
252 328
298 329
95 330
93 331
238 332
149 333
275 334
305 335
246 336
308 337
73 338
267 339
39 340
159 341
334 342
341 343
171 344
170 345
313 346
284 347
146 348
228 349
239 350
65 351
155 352
145 353
340 354
189 355
132 356
345 357
290 358
354 359
310 360
137 361
359 362
314 363
297 364
295 365
264 366
339 367
127 368
162 369
101 370
181 371
152 372
284 373
148 374
277 375
305 376
341 377
158 378
326 379
244 380
208 381
334 382
375 383
335 384
312 385
165 386
366 387
149 388
198 389
243 390
364 391
326 392
317 393
287 394
346 395
181 396
147 397
110 398
365 399
201 400
165 401
320 402
350 403
282 404
85 405
213 406
249 407
366 408
239 409
180 410
212 411
223 412
227 413
133 414
271 415
135 416
111 417
193 418
159 419
96 420
365 421
135 422
318 423
89 424
180 425
130 426
195 427
147 428
209 429
323 430
191 431
383 432
263 433
409 434
421 435
348 436
193 437
404 438
301 439
280 440
387 441
324 442
316 443
150 444
183 445
286 446
432 447
84 448
322 449
368 450
416 451
330 452
382 453
241 454
434 455
218 456
362 457
138 458
456 459
230 460
359 461
282 462
443 463
451 464
408 465
350 466
262 467
318 468
303 469
276 470
258 471
307 472
349 473
303 474
254 475
314 476
434 477
134 478
432 479
426 480
355 481
455 482
187 483
267 484
440 485
335 486
194 487
139 488
351 489
295 490
287 491
402 492
308 493
478 494
475 495
219 496
392 497
467 498
133 499
207 500
367 501
220 502
291 503
51 504
460 505
234 506
407 507
229 508
215 509
419 510
428 511
142 512
424 513
345 514
368 515
315 516
426 517
497 518
259 519
272 520
258 521
471 522
421 523
445 524
101 525
340 526
66 527
96 528
372 529
111 530
292 531
307 532
406 533
427 534
506 535
333 536
353 537
387 538
474 539
216 540
373 541
262 542
427 543
466 544
501 545
138 546
222 547
444 548
273 549
195 550
391 551
317 552
478 553
119 554
346 555
323 556
190 557
310 558
221 559
311 560
357 561
66 562
244 563
126 564
428 565
118 566
465 567
360 568
337 569
450 570
372 571
288 572
541 573
300 574
206 575
554 576
367 577
459 578
210 579
328 580
474 581
227 582
400 583
376 584
309 585
376 586
540 587
89 588
294 589
185 590
493 591
315 592
246 593
79 594
242 595
330 596
294 597
470 598
299 599
491 600
506 601
279 602
364 603
236 604
405 605
353 606
562 607
590 608
291 609
333 610
271 611
203 612
191 613
454 614
608 615
576 616
338 617
361 618
370 619
579 620
77 621
561 622
403 623
485 624
485 625
504 626
417 627
248 628
468 629
441 630
512 631
492 632
567 633
357 634
516 635
81 636
622 637
328 638
148 639
491 640
636 641
88 642
627 643
401 644
381 645
609 646
440 647
628 648
373 649
320 650
457 651
343 652
605 653
538 654
385 655
408 656
386 657
569 658
530 659
343 660
182 661
170 662
179 663
230 664
524 665
429 666
92 667
571 668
254 669
400 670
454 671
630 672
339 673
548 674
521 675
435 676
572 677
464 678
215 679
473 680
497 681
481 682
391 683
666 684
382 685
450 686
526 687
389 688
537 689
293 690
383 691
589 692
517 693
225 694
518 695
498 696
535 697
117 698
607 699
281 700
521 701
690 702
397 703
648 704
588 705
455 706
664 707
154 708
413 709
642 710
620 711
494 712
661 713
698 714
513 715
688 716
692 717
609 718
268 719
692 720
527 721
390 722
452 723
488 724
602 725
127 726
634 727
580 728
169 729
664 730
220 731
531 732
646 733
689 734
487 735
688 736
395 737
349 738
211 739
717 740
312 741
124 742
737 743
676 744
575 745
214 746
581 747
354 748
611 749
705 750
549 751
216 752
438 753
250 754
473 755
494 756
290 757
534 758
273 759
106 760
253 761
523 762
486 763
758 764
502 765
589 766
559 767
528 768
693 769
452 770
573 771
279 772
451 773
332 774
533 775
612 776
486 777
756 778
665 779
719 780
597 781
551 782
597 783
394 784
574 785
739 786
751 787
525 788
197 789
554 790
429 791
627 792
742 793
687 794
402 795
415 796
530 797
185 798
705 799
728 800
186 801
633 802
802 803
139 804
522 805
445 806
752 807
525 808
564 809
656 810
787 811
773 812
397 813
526 814
735 815
309 816
403 817
646 818
386 819
775 820
610 821
574 822
257 823
685 824
649 825
545 826
184 827
508 828
154 829
385 830
507 831
756 832
548 833
757 834
724 835
342 836
802 837
629 838
422 839
406 840
430 841
665 842
730 843
533 844
686 845
719 846
696 847
730 848
213 849
529 850
850 851
769 852
680 853
301 854
85 855
830 856
703 857
469 858
743 859
754 860
505 861
767 862
438 863
699 864
650 865
380 866
777 867
650 868
183 869
544 870
614 871
642 872
764 873
740 874
579 875
643 876
619 877
435 878
684 879
562 880
580 881
401 882
551 883
844 884
567 885
163 886
789 887
803 888
472 889
468 890
603 891
348 892
680 893
814 894
663 895
862 896
519 897
489 898
469 899
453 900
527 901
778 902
381 903
509 904
591 905
547 906
620 907
528 908
304 909
755 910
226 911
731 912
670 913
265 914
678 915
565 916
820 917
414 918
631 919
867 920
550 921
630 922
472 923
672 924
278 925
529 926
78 927
814 928
552 929
861 930
874 931
293 932
714 933
883 934
519 935
496 936
891 937
783 938
713 939
342 940
721 941
896 942
678 943
681 944
803 945
898 946
480 947
388 948
648 949
477 950
131 951
605 952
746 953
136 954
800 955
151 956
331 957
945 958
842 959
618 960
659 961
633 962
453 963
922 964
893 965
674 966
617 967
837 968
822 969
619 970
783 971
928 972
884 973
508 974
441 975
825 976
847 977
462 978
685 979
861 980
463 981
660 982
587 983
178 984
578 985
877 986
632 987
699 988
172 989
931 990
593 991
912 992
810 993
893 994
936 995
189 996
724 997
375 998
798 999
968 1000
714 1001
231 1002
938 1003
1000 1004
905 1005
442 1006
625 1007
616 1008
487 1009
270 1010
489 1011
517 1012
889 1013
196 1014
361 1015
653 1016
415 1017
356 1018
964 1019
327 1020
256 1021
631 1022
413 1023
772 1024
399 1025
1011 1026
238 1027
671 1028
355 1029
629 1030
263 1031
888 1032
986 1033
662 1034
374 1035
1018 1036
265 1037
462 1038
838 1039
234 1040
231 1041
498 1042
922 1043
998 1044
671 1045
324 1046
944 1047
943 1048
1043 1049
683 1050
392 1051
927 1052
863 1053
362 1054
736 1055
459 1056
827 1057
795 1058
818 1059
218 1060
420 1061
708 1062
405 1063
909 1064
557 1065
577 1066
509 1067
790 1068
585 1069
604 1070
143 1071
546 1072
853 1073
389 1074
856 1075
537 1076
851 1077
955 1078
661 1079
656 1080
272 1081
1078 1082
538 1083
644 1084
928 1085
837 1086
471 1087
1003 1088
546 1089
407 1090
840 1091
331 1092
501 1093
556 1094
644 1095
799 1096
870 1097
240 1098
338 1099
545 1100
369 1101
769 1102
936 1103
488 1104
870 1105
840 1106
790 1107
356 1108
666 1109
532 1110
899 1111
899 1112
983 1113
868 1114
559 1115
895 1116
541 1117
766 1118
768 1119
658 1120
851 1121
561 1122
1017 1123
866 1124
767 1125
504 1126
980 1127
369 1128
683 1129
990 1130
1050 1131
761 1132
1118 1133
836 1134
736 1135
812 1136
832 1137
591 1138
601 1139
1016 1140
505 1141
1023 1142
1021 1143
283 1144
535 1145
1034 1146
1034 1147
776 1148
352 1149
785 1150
56 1151
179 1152
599 1153
994 1154
625 1155
761 1156
322 1157
809 1158
1079 1159
289 1160
867 1161
700 1162
990 1163
1094 1164
1024 1165
772 1166
623 1167
933 1168
1054 1169
945 1170
1115 1171
495 1172
675 1173
495 1174
1001 1175
515 1176
1161 1177
838 1178
1097 1179
542 1180
390 1181
844 1182
1167 1183
874 1184
1090 1185
925 1186
1042 1187
1061 1188
915 1189
1083 1190
622 1191
304 1192
939 1193
996 1194
734 1195
910 1196
829 1197
490 1198
588 1199
142 1200
456 1201
398 1202
502 1203
378 1204
419 1205
950 1206
618 1207
425 1208
1096 1209
855 1210
496 1211
875 1212
832 1213
1040 1214
500 1215
617 1216
1183 1217
1085 1218
983 1219
829 1220
1201 1221
1093 1222
904 1223
1153 1224
572 1225
1009 1226
820 1227
1040 1228
890 1229
795 1230
908 1231
1070 1232
476 1233
603 1234
1209 1235
584 1236
895 1237
556 1238
789 1239
621 1240
971 1241
697 1242
560 1243
887 1244
890 1245
151 1246
830 1247
1163 1248
770 1249
549 1250
995 1251
1213 1252
776 1253
319 1254
1140 1255
676 1256
847 1257
695 1258