170
00011101
01000001
01111001
00000100
01011001
00011101
01101110
00001110
00101101
10011101
10001100
00011101
10111000
11101111
11101101
10101101
01010000
10001000
11100000
10001010
11101111
11100111
00001010
10100010
00010001
00001011
10010100
01001100
10010000
10011100
01111110
00001110
01010011
11110010
01110010
10100000
11011000
11001000
00010111
01001100
01011111
00010101
00000110
10001110
11101100
00011101
10011100
01011111
11101010
10010011
10010100
00101110
01101111
00100111
01001100
01001001
00101110
00001100
00111001
11100000
10100100
11101100
10000011
10011010
00010011
10001001
00101111
10000001
11000000
00000010
10001101
00001010
00101101
11100010
01100110
10100011
10001011
01010100
00010010
01111110
01000110
01101110
00101101
11100100
00100101
01001111
11001110
01000000
01001101
11001111
10110111
11010100
10001101
00100101
01101000
10101110
10001001
00010001
11100101
01000111
11111000
01100101
11101100
11011011
00110100
10110000
00000100
11111001
01001001
01001101
00110010
11100000
00111101
01001101
00011011
11111100
10011100
00100111
10101110
11110000
11000111
11010000
01101101
00111110
10011111
11100010
01011010
00100011
10111110
00000011
01110000
00110110
10110010
00001011
11000101
10011110
00001111
00000010
01101000
01100001
01100000
00101101
11001110
10010111
01111100
01100100
11000111
01011000
11111000
01010100
11111001
00100000
01011100
11110010
00001110
00111011
10001000
01100001
11011001
10101011
11010011
00011101
11011101
00110111
01011100
00110000
11000101
01110011
01101010
10011110
00111000
11011110
10110110
10101100
01110001
01001110
01101001
10100000
00111010
10010110
01101110
11011111
01000010
11010011
10000011
11101000
00000001
00110001
11100100
10010001
10100110
00111110
00101111
10011101
00010011
01100000
00110001
10010001
10010001
01010000
11111000
11111001
10011101
11011101
00011101
01101101
11101000
00101101
00110101
10111100
10110001
01010010
01001011
11010101
11000011
01000010
01111001
11100100
11100010
01111110
01110010
00010000
01000101
10100111
01101011
10000101
10001110
10010101
10101010
01101100
10001111
10000011
01010001
00001100
01100100
11011111
10110111
10010000
00001000
01011111
01100110
10000100
01101100
11111100
00011001
00001001
01111001
10011101
00100000
01000110
10101111
01111010
01110000
11101011
01010001
10011000
10010101
01000011
01110011
10101001
10000100
00000001
01110110
11001101
01010011
10100101
01001101
01110001
10000001
00100000
00110010
10100100
00010011
00001101
00001111
01011100
00100110
00000000
01000110
11100001
11111100
11110111
00011011
10101001
00111011
10100100
11000110
10000110
00010110
01100000
10011110
10111111
11100010
01001010
10001100
10101011
00000100
10111111
10000110
00100111
00010011
10101010
01100011
11001000
00110110
10010010
01011110
00110000
00011001
10111000
10111000
11011001
01010111
00100110
01010101
10011001
10110101
00101001
01011010
10011000
11100101
01111001
00001000
00011111
10100011
00010001
00110001
01100000
11111110
11000010
00001010
10001001
01000110
00011111
01011011
10100111
00111101
11101011
01100001
01000100
10100010
10011111
01101110
10010101
10001011
00010111
10110010
10111000
11101010
11001111
00000011
10101010
00101001
11010111
10001000
10000000
00110001
01100110
00100101
11111101
10000111
01000011
00010010
01000001
10000010
11011101
00011110
00110001
01100100
10110000
10011011
11000001
11110101
11110000
01011000
10101011
01001100
00011111
00111100
00001001
01000111
01101101
01010101
00010101
01101011
10000101
11110100
01100000
01011101
11110100
11000111
00001101
10110011
01100100
01110110
00000010
01110001
11000100
10010111
10011100
00111010
10000010
00000110
11110110
01101001
10101010
00000000
10110001
11010011
00000001
00010010
11011000
10100100
10011001
00011011
10110000
00000001
10001111
11011110
11110100
11100100
10101001
01011000
00111011
00111010
10001100
11111011
01111011
00001011
01100001
11010100
01111110
10111000
11111110
10100011
00110001
11111100
01001001
10101101
10100101
01000001
10000011
00101001
10101110
10001111
01111101
01101101
10010100
10001010
00001100
00001001
11100011
01011010
11011001
10100010
00011011
10100001
11001100
11010110
11011000
10011011
01111011
11100001
10101011
00111010
11110111
11101101
10010111
11101110
10000000
10100011
11001100
11101111
00011001
01010111
11111010
00101010
11101000
10110000
10111111
10001010
11101000
01011110
11000001
00110101
10110111
11010110
01100000
00101100
10001000
00001111
10011111
10000011
00101111
11110111
11011101
01111000
10000000
00010010
00001110
10111010
01011101
11101001
10110111
11110111
11000001
01001111
11011110
11100110
01010001
10101101
00001110
00100010
10111101
11100100
11100111
01111110
10001011
10010000
10001100
11110010
11000111
01001100
00000100
10101011
10100000
10001011
10001111
11100100
10100111
01101110
11000000
01101110
10001010
10100011
01111110
00101000
11000111
10001001
00100100
00101010
00010101
01000110
11001110
10101001
10000001
00100010
01111000
10010010
01010011
00101010
00011101
10100100
10101011
01001010
11100100
01111110
00110011
10001110
11111001
00111000
10110001
10111111
10000011
11111000
10010110
01110000
11101101
10011100
10101001
01010001
00000111
00011001
11101100
00010000
11011110
11111001
01111011
01110000
00101101
10111101
01110011
01110101
00011011
01010101
11110010
00111111
00110001
11101101
11001010
11001110
10010100
11110011
10111111
01010010
11010010
11001110
11111100
11010110
10011000
00101000
10100100
01011110
11010110
10001000
11001000
00000111
10010111
10110011
11010010
11101110
10000100
01001100
10110000
11110011
01100001
00001101
01010111
00000010
00000001
10000001
10000011
11110001
01011100
01110000
11000010
10110101
00111000
01101111
11100100
10101000
11111010
00001001
01100010
00001100
00001111
00111101
11111101
11001100
00001000
00000101
01011111
01100011
11101101
11011111
00101001
11101111
00110011
00100100
10100000
01111011
00101100
10011010
01100010
11101101
11000001
10110110
00111111
11001100
10010001
11101001
01010110
10101110
00010100
00100011
01111111
11010101
10010000
11000100
01111101
10000000
00011011
10011011
00010111
10011110
01101000
11100000
10110101
00011010
00100000